OptIndex Step X_0 X_1
0 0 -4.62733 -4.9465
1 0 -0.13372 0.243701
2 0 -0.269932 -3.31113
3 0 2.63362 3.06409
4 0 4.83295 -4.08806
5 0 4.53667 2.11785
6 0 -3.62387 0.0976979
7 0 -0.719002 4.8035
8 0 1.96512 0.252388
9 0 0.703666 -1.6803
10 0 -0.456406 -0.253864
11 0 -3.42995 -0.313995
12 0 -4.79178 1.97439
13 0 2.76108 3.63426
14 0 1.48519 0.00158512
15 0 1.47817 0.873328
16 0 -1.28849 -2.4279
17 0 1.31126 1.35783
18 0 1.58865 -0.313164
19 0 -2.91911 3.0845
20 0 -2.37242 -2.9106
21 0 1.593 -0.0524605
22 0 -2.3262 1.68945
23 0 -2.18589 4.60009
24 0 3.87818 2.36318
25 0 -4.80038 -2.79162
26 0 -4.6714 -0.407268
27 0 1.88113 1.49555
28 0 -2.31223 1.02185
29 0 -1.86583 -2.27254
30 0 1.19039 -2.20607
31 0 4.34228 0.903326
32 0 -0.611578 -1.40544
33 0 3.71218 -3.94132
34 0 0.704247 -0.49857
35 0 3.5487 -1.51201
36 0 -0.302734 0.466956
37 0 1.32001 2.83245
38 0 -4.88142 1.67307
39 0 -0.0992342 1.31924
40 0 -0.559474 -0.436387
41 0 -3.7422 3.42456
42 0 3.46292 2.06022
43 0 0.518973 -4.93264
44 0 -3.23855 -3.24039
45 0 -1.5588 -4.46601
46 0 -0.996236 -0.323063
47 0 1.96621 -1.7308
48 0 2.37155 -0.0324557
49 0 1.38594 -0.409973
50 0 1.12985 -0.290033
51 0 -4.87412 0.332387
52 0 0.32401 -0.542452
53 0 -3.14556 -3.50951
54 0 -2.36543 -4.94461
55 0 -0.336865 4.62171
56 0 -1.20924 -2.03178
57 0 2.42465 -4.19406
58 0 -1.93511 -3.24939
59 0 -2.86142 4.54714
60 0 -4.21202 -0.0679185
61 0 -0.564697 -3.53415
62 0 -4.63909 -0.0788207
63 0 -3.9202 4.95997
64 0 4.3147 4.72636
65 0 -1.11757 0.339248
66 0 2.32885 -3.43345
67 0 -3.64049 2.92023
68 0 -3.43207 1.29886
69 0 3.95035 1.48629
70 0 0.873472 -1.90074
71 0 0.986179 -0.285768
72 0 -4.1729 -4.22506
73 0 -2.74673 3.56669
74 0 2.71809 0.883409
75 0 -0.636136 -3.59728
76 0 -0.512669 -0.24507
77 0 -0.437266 -0.74345
78 0 -3.12656 4.92042
79 0 2.32189 1.04419
80 0 -3.57667 0.850965
81 0 4.90604 -0.299065
82 0 3.89364 -4.30863
83 0 2.50726 0.0664292
84 0 0.50016 3.92398
85 0 1.89466 0.328975
86 0 0.424072 4.79797
87 0 2.03017 3.8372
88 0 3.50664 0.828038
89 0 -0.803979 -1.68473
90 0 -4.21841 -0.0655178
91 0 -1.91986 -2.27231
92 0 2.3797 4.74438
93 0 2.99746 1.34416
94 0 -3.90736 4.53233
95 0 1.3958 -2.59805
96 0 -2.26401 -1.58906
97 0 2.18689 -1.2809
98 0 -3.22068 -2.98127
99 0 -1.36138 -4.14441
100 0 2.62926 -0.121013
101 0 -2.40544 -1.65688
102 0 -1.3128 4.12846
103 0 -4.59207 -4.9628
104 0 -0.718598 3.78111
105 0 4.82813 -4.11171
106 0 0.725465 -1.56909
107 0 1.4437 0.182686
108 0 2.9361 3.41435
109 0 0.296962 1.56702
110 0 1.25371 -2.21043
111 0 4.56198 -4.67366
112 0 -4.63752 1.62788
113 0 -0.963143 -0.0973398
114 0 3.00226 -3.58595
115 0 2.1435 0.255271
116 0 1.8822 -0.458472
117 0 -3.89659 -3.29827
118 0 -3.93737 1.99246
119 0 0.0542532 -0.906846
120 0 1.12261 -0.312799
121 0 1.07205 -2.05418
122 0 3.49992 2.98473
123 0 0.351649 -3.73002
124 0 4.74703 -4.79673
125 0 2.55189 0.794911
126 0 -0.0364037 -4.70685
127 0 -2.09424 -3.77304
128 0 4.50601 -3.39254
129 0 3.43168 3.05646
130 0 -4.48848 1.54242
131 0 -1.19092 -1.85941
132 0 4.52948 -2.99199
133 0 -3.34988 0.000280598
134 0 1.72131 -1.04345
135 0 4.6416 -4.47435
136 0 3.91122 4.91644
137 0 -2.68213 3.15132
138 0 4.80615 0.113544
139 0 -3.94995 3.33891
140 0 -0.948208 -0.514075
141 0 2.05288 3.88744
142 0 -0.840169 -1.14371
143 0 -1.59262 -0.523955
144 0 -3.59718 -2.3061
145 0 2.71345 3.80457
146 0 -1.23878 -0.364733
147 0 -4.99097 0.944572
148 0 2.96264 -3.88531
149 0 1.21735 -2.08425
150 0 -4.5355 -4.33782
151 0 -4.43217 0.296287
152 0 0.440326 4.03345
153 0 2.58182 0.328094
154 0 -4.59804 4.99533
155 0 -3.47278 0.815156
156 0 -4.73917 -4.95589
157 0 -1.47044 -0.158576
158 0 -1.69275 -1.18243
159 0 -3.56932 4.18807
160 0 0.689681 -1.71302
161 0 -2.0166 -0.805283
162 0 4.01377 4.17532
163 0 4.99491 2.39328
164 0 4.49895 4.20625
165 0 1.09688 0.708579
166 0 2.01426 -0.330596
167 0 0.313118 0.163514
168 0 1.0648 -0.444043
169 0 -1.68086 -0.93671
170 0 2.51676 0.308423
171 0 1.81957 4.5654
172 0 -3.49964 -2.2198
173 0 -1.51373 4.52489
174 0 2.32668 0.544543
175 0 1.09779 4.37845
176 0 4.12627 4.54101
177 0 2.0893 -3.85757
178 0 -3.87716 1.54519
179 0 4.9303 0.477757
180 0 1.96413 3.02782
181 0 1.98412 3.55072
182 0 3.77245 3.33138
183 0 -0.249573 0.416109
184 0 1.55508 1.31746
185 0 2.48734 0.0349537
186 0 0.148876 4.42643
187 0 -3.07642 2.62646
188 0 1.76664 -0.937583
189 0 1.89022 3.70051
190 0 -4.78411 -1.80706
191 0 -1.73894 -2.14083
192 0 -3.31953 -0.138962
193 0 -0.150174 -1.44806
194 0 -1.03056 -1.80512
195 0 -4.56141 1.41923
196 0 -0.542326 -0.52147
197 0 -4.63859 1.4393
198 0 -3.23453 1.4944
199 0 1.04031 -0.193193
200 0 -2.80307 1.85317
201 0 -3.36218 -4.47504
202 0 3.38052 -3.929
203 0 -0.631788 0.20636
204 0 3.46871 3.13815
205 0 -4.75301 -1.60722
206 0 0.840132 -0.501344
207 0 1.24951 0.819628
208 0 4.45385 1.06004
209 0 -1.26785 0.74121
210 0 0.598576 1.47249
211 0 3.53229 1.67618
212 0 1.06165 -3.14615
213 0 0.960476 -3.42847
214 0 -1.70542 -3.96057
215 0 0.0937407 -0.0310276
216 0 -2.26589 -1.2979
217 0 -3.58906 0.688298
218 0 1.1473 -0.325874
219 0 2.36715 -0.397724
220 0 -3.72108 0.272215
221 0 -1.81781 -2.92026
222 0 1.42218 0.646214
223 0 -0.452018 0.527386
224 0 1.94393 1.4459
225 0 -0.684187 -4.90586
226 0 3.63629 1.9474
227 0 0.763381 0.926269
228 0 -4.01118 3.4857
229 0 1.59816 0.830485
230 0 -1.86533 -4.57464
231 0 3.02745 0.978761
232 0 4.31165 -4.8044
233 0 -1.84732 -1.00569
234 0 -4.39847 -4.26216
235 0 4.56379 -3.30703
236 0 -0.609381 -0.382795
237 0 -3.06235 -1.92858
238 0 -4.65583 -2.03337
239 0 -1.42771 4.95526
240 0 1.52889 -4.41455
241 0 -2.32396 -2.23965
242 0 1.1235 -0.356143
243 0 3.96852 -4.12923
244 0 2.97149 -3.49036
245 0 1.19998 3.02344
246 0 1.4038 -1.09405
247 0 2.36374 -3.38444
248 0 3.74077 4.36409
249 0 -1.67711 4.37761
250 0 3.39132 2.96204
251 0 0.701668 -0.854994
252 0 -4.11847 0.416408
253 0 1.68119 -0.94027
254 0 0.132612 -3.31187
255 0 1.2217 -2.19965
256 0 4.66494 0.436126
257 0 0.180269 0.960659
258 0 -2.50582 -3.46157
259 0 3.92797 -4.61547
260 0 0.466692 0.548005
261 0 4.47381 2.45792
262 0 -2.7659 2.49229
263 0 2.89399 1.52243
264 0 2.08217 4.67144
265 0 -1.14181 -3.09369
266 0 2.68845 -4.27731
267 0 3.49853 2.23888
268 0 -4.28125 -4.62478
269 0 0.127824 0.160809
270 0 0.727921 -1.78555
271 0 4.96188 2.04952
272 0 4.32576 -0.647678
273 0 -1.91375 0.722877
274 0 1.91835 0.202249
275 0 2.25824 -3.00004
276 0 1.67479 3.38379
277 0 -4.82417 -2.96358
278 0 4.82712 -0.538452
279 0 -3.60186 3.7631
280 0 -0.377721 -3.95348
281 0 -4.76405 4.51143
282 0 -1.87798 -4.39182
283 0 -1.65393 -0.953506
284 0 1.58289 0.119709
285 0 -0.528626 0.0834598
286 0 1.8544 -0.961524
287 0 1.90481 3.64127
288 0 -4.43303 3.70652
289 0 -1.04709 -1.72854
290 0 1.21794 0.759399
291 0 4.53131 4.68655
292 0 2.23072 -0.725248
293 0 1.74977 -4.84742
294 0 -2.54188 2.38541
295 0 -1.30648 4.08449
296 0 4.49953 0.553477
297 0 1.92975 2.90517
298 0 -1.62489 0.540617
299 0 2.68884 -3.72976
300 0 4.28975 3.85917
301 0 2.25459 1.43427
302 0 2.8403 0.545097
303 0 2.05314 0.472141
304 0 1.77406 0.208777
305 0 4.79756 2.09592
306 0 1.61251 0.0714667
307 0 -0.578956 0.367611
308 0 2.26398 0.0507929
309 0 2.17265 0.550266
310 0 -4.2614 -2.83764
311 0 1.79681 0.245365
312 0 -4.5746 2.09161
313 0 -0.299355 0.660751
314 0 -1.73288 -3.2696
315 0 1.51355 -0.404225
316 0 4.30569 4.95682
317 0 0.0210961 -0.34611
318 0 0.472809 4.64998
319 0 -1.79642 -2.5323
320 0 0.338443 -1.4084
321 0 -0.27805 -0.715235
322 0 0.332567 1.53261
323 0 1.92353 0.352539
324 0 2.59401 0.812279
325 0 -1.40908 0.353307
326 0 -4.69674 0.44141
327 0 0.567727 -1.63013
328 0 -3.49166 -0.835326
329 0 0.568696 -1.52263
330 0 2.988 0.813639
331 0 3.29299 3.86095
332 0 2.26333 3.69007
333 0 0.627691 3.06489
334 0 -1.77841 -0.967447
335 0 -1.17741 4.96303
336 0 -2.46644 -0.560871
337 0 4.68399 -3.45451
338 0 -1.81946 -3.78882
339 0 2.52849 -0.518092
340 0 2.77177 1.83625
341 0 -3.78555 -0.856407
342 0 -4.92564 -3.38169
343 0 -3.62294 1.01897
344 0 0.162895 -4.45589
345 0 -4.36589 0.488828
346 0 3.77253 0.582931
347 0 4.98194 3.87151
348 0 -0.221498 1.20164
349 0 2.83875 0.883164
350 0 -0.535266 1.41704
351 0 -1.99218 -4.3691
352 0 -3.99423 -1.81639
353 0 0.61178 -1.80238
354 0 1.85761 4.11852
355 0 0.782542 1.0967
356 0 2.17658 0.0140385
357 0 1.20116 -1.97823
358 0 1.79649 1.02297
359 0 -0.631228 -0.187847
360 0 4.16088 3.44373
361 0 -2.98013 1.34969
362 0 3.36375 -0.654019
363 0 0.412215 -1.27866
364 0 4.68677 1.3847
365 0 -0.708832 -1.449
366 0 0.625007 -0.979172
367 0 -2.9811 -3.14613
368 0 -0.560557 -4.98032
369 0 -4.43378 -0.304541
370 0 -1.59473 4.02291
371 0 1.36071 1.32965
372 0 -3.678 -2.05059
373 0 1.28665 -1.17482
374 0 1.50962 -3.759
375 0 3.00058 2.92451
376 0 -1.23173 0.612793
377 0 4.71413 3.60383
378 0 0.216106 1.40563
379 0 -0.863978 -3.42318
380 0 0.68836 -1.62159
381 0 2.50967 -3.46311
382 0 -2.34427 4.9159
383 0 1.78882 0.253628
384 0 1.40666 -1.73058
385 0 4.60589 4.87163
386 0 -4.57404 -4.73932
387 0 -4.01027 3.11655
388 0 2.37404 1.5381
389 0 2.93322 -3.64539
390 0 -1.62175 -3.22458
391 0 -1.6959 -1.04362
392 0 -2.2002 1.28786
393 0 1.45552 1.15965
394 0 4.76994 3.49199
395 0 1.80353 -4.22258
396 0 0.287146 -2.5975
397 0 1.63712 -2.83404
398 0 3.90695 1.33161
399 0 2.8053 -0.534447
400 0 -2.20574 -0.793156
401 0 0.332025 -1.4738
402 0 -3.58767 4.50651
403 0 3.0002 1.30204
404 0 1.84022 1.83759
405 0 0.762809 -0.297265
406 0 2.73214 1.41296
407 0 2.39193 -0.0665915
408 0 -2.50944 -3.38523
409 0 -0.837869 -0.276603
410 0 0.741307 -4.11415
411 0 -0.249762 3.24955
412 0 3.08709 -3.80146
413 0 1.4183 1.07888
414 0 -4.65073 -1.81508
415 0 0.235329 -4.58067
416 0 -2.95414 3.09344
417 0 4.64089 -1.80765
418 0 -4.83052 -0.339243
419 0 0.780267 -4.21624
420 0 0.0748368 1.60841
421 0 2.12704 -0.929955
422 0 -4.88932 4.51057
423 0 -0.0372392 0.239754
424 0 -4.81159 -4.5615
425 0 -3.43165 -1.33492
426 0 2.63277 4.95979
427 0 -1.60504 -0.778618
428 0 -1.11421 0.118405
429 0 0.844309 -3.68486
430 0 1.99682 4.9062
431 0 4.67444 -0.616067
432 0 -4.33357 -4.15723
433 0 1.28581 0.856748
434 0 0.447409 -1.72018
435 0 2.59147 -2.77476
436 0 2.56778 0.3441
437 0 3.66768 1.4697
438 0 1.92514 -4.92423
439 0 1.20394 0.764817
440 0 4.69081 -3.2247
441 0 -2.08518 -4.2827
442 0 1.58857 -0.834759
443 0 -0.255214 -3.86704
444 0 -2.88312 4.19851
445 0 3.31248 -3.09243
446 0 -4.53986 -3.64758
447 0 4.14418 1.81872
448 0 -2.29015 -4.32269
449 0 0.541245 1.30222
450 0 -1.59892 -2.04459
451 0 1.5132 -4.41916
452 0 -2.14503 1.81708
453 0 -1.49685 -2.12962
454 0 -0.675487 -3.18385
455 0 2.30539 -0.277649
456 0 3.22437 -3.54182
457 0 2.29574 4.5889
458 0 1.73095 -4.02548
459 0 -0.120482 3.74299
460 0 2.8395 1.22967
461 0 1.90832 0.0782374
462 0 1.73495 3.13655
463 0 1.43882 -4.44718
464 0 -4.13888 -3.78229
465 0 -3.68156 0.618247
466 0 0.482996 4.79692
467 0 -1.00426 -0.183042
468 0 -4.36319 -2.74032
469 0 2.80697 3.20898
470 0 -0.128129 -4.66054
471 0 -0.1433 3.50791
472 0 -0.913337 0.831353
473 0 2.09493 0.13799
474 0 2.47867 0.692467
475 0 1.73165 -3.00337
476 0 -3.03459 -1.09623
477 0 1.02258 -0.578098
478 0 -3.47682 4.44029
479 0 2.73184 3.33552
480 0 0.901832 -4.73216
481 0 3.24903 -3.81781
482 0 -1.58486 0.472206
483 0 -2.54323 -4.62463
484 0 -2.98628 -2.95888
485 0 1.93232 -2.6374
486 0 -4.4164 -1.96976
487 0 2.88694 -0.369683
488 0 2.79201 -0.489475
489 0 2.85126 1.92506
490 0 -4.57655 0.00956135
491 0 -3.1265 -1.11056
492 0 0.653887 -1.7578
493 0 0.567527 -0.67279
494 0 -3.74736 1.19334
495 0 4.69194 1.40945
496 0 -0.67702 -4.93822
497 0 -3.77948 -1.57548
498 0 -3.29857 2.4722
499 0 -4.5962 -1.46683
500 0 -4.19651 -4.60017
501 0 1.5281 -0.210542
502 0 -1.55286 -4.02604
503 0 3.28087 2.37211
504 0 1.89012 0.0429557
505 0 -3.16224 4.02417
506 0 -0.638283 -1.51417
507 0 0.314381 -2.42055
508 0 -1.96484 -1.7671
509 0 -2.16016 -1.40551
510 0 -4.3038 -4.75311
511 0 0.675189 3.73748
512 0 2.73219 3.61455
513 0 -0.0171567 -4.8812
514 0 -4.94444 0.959436
515 0 -0.962717 -0.828618
516 0 2.17456 -2.95338
517 0 0.708895 4.82704
518 0 1.16621 -0.287573
519 0 -4.13068 1.03167
520 0 2.67846 0.89058
521 0 1.89257 0.109163
522 0 -1.48157 -0.915582
523 0 1.43797 4.24599
524 0 4.65351 -4.67605
525 0 3.0225 2.22629
526 0 0.34215 0.473746
527 0 -0.30119 1.08887
528 0 4.58902 0.145204
529 0 -1.65442 -1.11742
530 0 1.13021 1.038
531 0 1.30694 -0.844659
532 0 1.31573 0.970499
533 0 -4.0674 -3.83076
534 0 2.0576 0.248622
535 0 1.07276 1.37397
536 0 -2.73801 1.83961
537 0 -4.77121 4.19456
538 0 -4.81246 2.57622
539 0 4.90235 3.51016
540 0 -0.449675 4.82324
541 0 3.80692 4.98572
542 0 3.3105 3.69906
543 0 -0.941718 -3.00826
544 0 -0.484144 3.7817
545 0 -1.71383 -3.5199
546 0 2.45593 3.74544
547 0 -4.50913 -3.15648
548 0 -4.90453 2.84818
549 0 1.26099 -2.22648
550 0 2.995 0.754516
551 0 4.02727 1.68536
552 0 -1.26092 -0.450646
553 0 0.824117 -4.41492
554 0 -4.92491 4.50895
555 0 -0.963919 -0.0245691
556 0 3.97333 -3.72705
557 0 2.14556 -4.09927
558 0 -4.59899 1.04303
559 0 -2.60416 2.29123
560 0 2.14339 0.093757
561 0 2.15543 1.49347
562 0 4.64499 0.20572
563 0 0.0687294 -1.69509
564 0 -1.84436 -3.6928
565 0 2.71559 4.19671
566 0 -1.97174 1.64591
567 0 0.793761 0.922324
568 0 4.64977 1.9982
569 0 -4.6251 -3.58378
570 0 1.76268 0.252023
571 0 -3.84762 4.53229
572 0 3.07021 3.09851
573 0 4.99852 1.52273
574 0 -0.553455 1.65734
575 0 4.59277 -4.06837
576 0 -3.11091 1.73164
577 0 -3.55506 -4.14608
578 0 2.27076 0.506844
579 0 -2.26403 1.89041
580 0 1.17464 0.784418
581 0 3.85934 1.08862
582 0 -2.33397 -4.64103
583 0 0.166927 3.44154
584 0 -4.10981 -0.901976
585 0 -3.02824 -3.92004
586 0 0.524702 1.2841
587 0 -0.272096 -1.85364
588 0 0.089748 1.51976
589 0 0.690695 1.04371
590 0 1.18795 -0.519914
591 0 -1.24846 -3.85344
592 0 -1.46936 -4.97279
593 0 -3.07497 0.783475
594 0 -0.951683 -3.18278
595 0 -3.04806 1.63867
596 0 -0.459938 4.2188
597 0 -2.277 -1.49127
598 0 3.97124 0.101513
599 0 -0.794359 -1.55764
600 0 3.0476 -0.111586
601 0 -0.318283 -0.847012
602 0 4.29763 1.08825
603 0 1.20641 -0.265469
604 0 1.47029 -0.0625705
605 0 -0.35014 -0.922603
606 0 1.25118 0.878194
607 0 0.916806 -0.182323
608 0 3.6374 3.37407
609 0 -4.09907 -4.17903
610 0 2.96203 -3.58909
611 0 2.04982 1.2545
612 0 -3.75746 -3.18944
613 0 1.19046 0.861673
614 0 -2.41641 1.38224
615 0 -0.188646 4.27923
616 0 -1.29595 -3.64682
617 0 1.81234 0.534826
618 0 -4.04261 4.8093
619 0 0.167113 3.55521
620 0 0.355077 1.47503
621 0 3.42661 1.28863
622 0 -4.23529 4.60174
623 0 -1.31026 -4.51819
624 0 -3.93713 0.853647
625 0 0.891179 1.29187
626 0 -3.84136 4.00782
627 0 -3.16403 2.10473
628 0 0.295489 -4.61854
629 0 -3.78692 3.24349
630 0 0.667827 -4.51363
631 0 -0.747474 -0.310555
632 0 -4.40503 0.194947
633 0 0.100957 0.87884
634 0 3.3379 -3.66259
635 0 -4.76384 2.08492
636 0 4.7487 -4.59518
637 0 0.755314 -1.90659
638 0 -0.468499 0.633301
639 0 4.82265 2.1399
640 0 2.44037 -4.39349
641 0 3.89924 1.91922
642 0 -2.32178 0.559204
643 0 -3.29803 -1.20343
644 0 -2.01784 -2.37163
645 0 3.71368 4.2487
646 0 -4.32942 -1.91037
647 0 -0.590277 -1.42616
648 0 -0.819824 -0.0255583
649 0 3.47072 -3.5307
650 0 -4.40205 -0.347785
651 0 -3.09412 -0.954343
652 0 4.75202 4.56753
653 0 -0.579237 -0.496316
654 0 0.883384 0.582354
655 0 1.95618 0.32699
656 0 0.142482 0.150584
657 0 -0.710095 -3.82395
658 0 -3.96917 4.07313
659 0 -3.81978 2.37826
660 0 3.82257 1.48155
661 0 -2.95527 -4.83177
662 0 1.40659 -0.213794
663 0 -3.76459 2.5628
664 0 -3.57872 3.17545
665 0 -2.5401 2.26525
666 0 -3.33809 2.04707
667 0 -2.64175 2.3339
668 0 -1.41269 3.79525
669 0 -1.96855 1.48965
670 0 3.5466 1.18971
671 0 3.13163 0.0853417
672 0 4.25967 -4.35363
673 0 -3.12453 3.62238
674 0 4.55525 1.36308
675 0 -2.44386 -2.69617
676 0 -2.24163 2.18784
677 0 0.0796979 -1.01417
678 0 -3.0467 -3.4104
679 0 -3.86258 -0.870531
680 0 -2.1455 -2.71447
681 0 -0.352122 0.511293
682 0 5.92991 -3.69616
683 0 -1.14905 -1.37584
684 0 -4.73673 -3.19551
685 0 4.93978 -0.478306
686 0 -1.31111 -4.62501
687 0 3.32461 4.84352
688 0 3.71019 3.35119
689 0 -3.84962 1.22718
690 0 -0.00166066 0.0635419
691 0 -1.62154 -0.892999
692 0 -4.87953 1.08711
693 0 -3.44356 -1.33354
694 0 2.08744 4.30356
695 0 -1.36172 0.668979
696 0 3.59164 -4.7931
697 0 -2.56045 1.41154
698 0 -0.183543 -2.44179
699 0 1.66048 0.0978855
700 0 4.69887 0.00123937
701 0 -2.01951 -1.22371
702 0 1.79815 -1.09811
703 0 0.480632 -1.47249
704 0 0.973452 -1.90505
705 0 1.24881 3.33337
706 0 -2.11994 -4.60507
707 0 -4.61149 3.1351
708 0 -3.88319 0.865841
709 0 -2.03747 -2.36968
710 0 -0.429887 3.66294
711 0 -2.96824 1.14749
712 0 -0.0862605 1.0083
713 0 -1.00749 -0.230199
714 0 1.44777 1.69734
715 0 -4.59273 -4.44362
716 0 -4.74404 -3.1604
717 0 -3.23796 -4.13414
718 0 3.03867 3.76781
719 0 -1.74209 -2.31264
720 0 -2.32035 -4.30623
721 0 3.52006 4.69638
722 0 3.31225 1.13531
723 0 0.262262 -0.926557
724 0 -3.8908 -4.84648
725 0 1.82863 0.142063
726 0 -4.08593 3.04274
727 0 4.23278 1.8303
728 0 3.75562 -4.85157
729 0 0.174689 -4.70049
730 0 -1.22255 -4.75587
731 0 2.20518 0.370817
732 0 -3.05704 1.6232
733 0 1.19637 -0.255274
734 0 1.32903 1.09808
735 0 1.79322 3.41438
736 0 -0.777241 -3.1903
737 0 -2.82872 -3.17217
738 0 -4.45597 -1.14269
739 0 4.46593 1.09859
740 0 -0.571452 -4.12297
741 0 1.99004 1.32336
742 0 -4.26665 -4.03321
743 0 1.57844 -0.317255
744 0 4.93023 1.78902
745 0 3.68698 0.949096
746 0 1.73207 4.78184
747 0 0.896743 -0.878629
748 0 -1.04042 0.0272948
749 0 -2.71219 1.67402
750 0 -2.46295 -4.47591
751 0 -0.694344 -0.903393
752 0 2.20807 3.96897
753 0 -4.24167 -1.33223
754 0 -0.0488809 3.57981
755 0 -4.53223 -1.81748
756 0 -1.44749 -4.72459
757 0 -1.69728 -3.08586
758 0 0.504831 -4.07651
759 0 3.85389 1.56968
760 0 0.56434 -1.5843
761 0 0.904618 -4.78611
762 0 -0.937214 -0.434168
763 0 1.7493 0.174245
764 0 -0.654019 -0.765943
765 0 1.04558 -2.01361
766 0 -0.578432 4.60805
767 0 1.9699 3.60513
768 0 0.418112 1.16401
769 0 -0.159606 -3.10549
770 0 -1.40908 -1.66904
771 0 -4.05203 0.858663
772 0 2.0372 4.18276
773 0 2.39946 4.17898
774 0 4.3762 0.976112
775 0 2.00269 0.343658
776 0 2.84306 -0.330234
777 0 -4.76354 0.39185
778 0 2.18938 -3.29698
779 0 2.50561 0.600368
780 0 -4.10843 -3.38983
781 0 -0.410977 -1.11594
782 0 2.60324 -3.39485
783 0 -3.72832 -4.12668
784 0 -4.61829 -3.78208
785 0 -2.14174 4.32021
786 0 -1.52959 0.913424
787 0 -1.42229 0.722188
788 0 -0.0727009 -1.01926
789 0 -1.34969 3.90738
790 0 7.17136 3.58074
791 0 -3.58711 3.35488
792 0 -4.90845 -1.71799
793 0 -1.63965 0.0349245
794 0 -1.01204 -1.69446
795 0 2.47477 4.27157
796 0 -0.717317 -3.26013
797 0 1.23692 -1.18827
798 0 1.09531 0.814327
799 0 -0.539533 -4.97198
800 0 -1.34112 0.119732
801 0 -1.16049 -0.702504
802 0 0.754904 -1.68365
803 0 -3.79196 0.130146
804 0 4.22499 1.73563
805 0 -0.440008 0.333088
806 0 0.215889 0.251138
807 0 1.5293 -3.42506
808 0 0.615266 -1.69346
809 0 4.5403 -3.21626
810 0 2.5564 0.503022
811 0 -3.16009 -0.0463134
812 0 0.129271 -4.86846
813 0 -1.71599 0.579675
814 0 2.13498 -3.41517
815 0 0.384114 4.07802
816 0 -4.93885 -4.82009
817 0 1.74738 4.92307
818 0 0.771805 -0.57723
819 0 4.2449 4.76024
820 0 -2.27935 -3.99733
821 0 0.305917 1.53235
822 0 -0.26517 -4.70794
823 0 -1.09818 -4.89126
824 0 -4.00984 3.83473
825 0 1.18961 -0.167425
826 0 -4.31323 -1.98496
827 0 -3.07704 1.93029
828 0 1.41551 1.13509
829 0 -3.19144 -3.94053
830 0 -1.93086 -3.98012
831 0 1.95088 0.871753
832 0 -4.4215 1.37818
833 0 0.880899 1.3371
834 0 2.56005 0.541959
835 0 1.49197 -3.85562
836 0 2.17378 0.714602
837 0 3.97224 2.72461
838 0 2.65721 -0.698784
839 0 -4.84985 1.72884
840 0 -2.81747 4.28637
841 0 -1.69858 4.7017
842 0 1.9929 3.49018
843 0 3.71702 -1.98656
844 0 1.28861 -2.29712
845 0 0.150687 -3.47607
846 0 0.719233 -4.89631
847 0 0.484379 0.403885
848 0 0.821935 3.34273
849 0 2.08153 3.04168
850 0 -3.53183 1.4942
851 0 3.33602 3.00663
852 0 0.264298 -1.43183
853 0 0.72089 -1.68076
854 0 0.957268 4.95972
855 0 0.869984 -0.493085
856 0 1.05261 -4.54768
857 0 -1.30173 -4.75188
858 0 -2.59738 1.98793
859 0 -4.60754 0.923558
860 0 2.33038 -0.875959
861 0 -1.95447 0.729368
862 0 4.39298 -4.71834
863 0 1.01976 1.10311
864 0 0.153449 -3.75714
865 0 3.63056 4.20575
866 0 4.05489 1.10446
867 0 1.92117 0.481322
868 0 -3.92675 -2.25294
869 0 1.38622 -1.68912
870 0 -0.396804 4.78081
871 0 -3.97907 3.23716
872 0 4.0344 2.79637
873 0 -2.37827 1.4325
874 0 -1.41683 0.488464
875 0 -0.536308 3.31531
876 0 -2.12228 -0.304473
877 0 -1.65371 -3.41113
878 0 0.241456 -0.357982
879 0 0.900363 -0.950908
880 0 -2.22233 4.49371
881 0 0.380624 -0.750762
882 0 -1.08977 0.740194
883 0 -4.9679 -0.465255
884 0 -4.01628 -3.63053
885 0 -0.168936 -3.80055
886 0 4.20348 0.950484
887 0 -0.463713 -0.26442
888 0 -2.04781 -2.21413
889 0 0.606389 0.971364
890 0 2.88983 -0.216915
891 0 1.22605 4.3573
892 0 -3.01032 -4.93443
893 0 -2.75588 -4.72433
894 0 -1.69638 -4.68439
895 0 -0.294667 -0.977437
896 0 1.49357 1.08317
897 0 4.80056 -4.87486
898 0 -3.07149 -3.99585
899 0 -2.52835 -3.17543
900 0 -4.71545 -1.7947
901 0 0.177792 -3.90933
902 0 -0.773659 -0.645949
903 0 3.19945 1.01653
904 0 1.49727 -3.50135
905 0 -1.25562 0.252156
906 0 0.592489 1.01957
907 0 -2.02161 -2.73933
908 0 0.918154 3.11057
909 0 -4.60037 0.116174
910 0 -0.736525 4.89074
911 0 -2.13281 -1.21321
912 0 -0.929497 -0.411736
913 0 -0.521484 -2.31964
914 0 -4.5713 -4.48393
915 0 2.4549 -3.64041
916 0 -0.243994 -0.0656094
917 0 0.0161975 -4.96962
918 0 -0.657652 -1.95886
919 0 -3.52393 4.08425
920 0 2.94128 -2.98615
921 0 2.2094 1.98423
922 0 -0.550602 4.61222
923 0 -2.13542 -3.96372
924 0 -1.44851 0.45293
925 0 -3.56179 1.99689
926 0 -3.76111 0.676565
927 0 0.466886 -0.00635244
928 0 -2.43891 -1.4005
929 0 -0.886174 4.23027
930 0 -0.00925156 3.99267
931 0 -3.46123 0.474048
932 0 0.271323 -4.86173
933 0 1.78787 -4.3742
934 0 -4.84417 -2.42489
935 0 1.74783 3.12317
936 0 -4.11372 -1.87107
937 0 2.44547 -0.176871
938 0 0.829802 -0.662536
939 0 -3.63631 -3.12238
940 0 2.25213 0.9789
941 0 4.44146 1.78047
942 0 -0.476582 3.36475
943 0 -0.418685 0.95299
944 0 -4.34509 2.28403
945 0 2.85081 3.29517
946 0 3.58221 1.46417
947 0 1.52197 4.38702
948 0 2.38055 0.00353932
949 0 2.95851 -3.07901
950 0 1.78747 0.265684
951 0 -3.31154 -4.26395
952 0 -3.71811 -3.21545
953 0 -2.13651 -1.25048
954 0 -0.451018 0.953623
955 0 -0.460882 0.535132
956 0 0.914299 -0.516772
957 0 -2.57931 -3.64691
958 0 3.28871 -3.94754
959 0 -4.84468 1.08591
960 0 3.51115 4.90778
961 0 -2.27817 2.11721
962 0 -1.11607 -3.14966
963 0 2.59724 -3.50692
964 0 -4.37676 -3.97703
965 0 -0.043566 -3.88288
966 0 -2.29789 0.351101
967 0 -1.21134 -1.78564
968 0 -0.0825469 0.546744
969 0 -1.49863 4.16809
970 0 0.51998 3.57251
971 0 4.89205 -0.144797
972 0 -0.184003 -0.710923
973 0 -0.590815 4.28302
974 0 2.23411 -3.04554
975 0 2.17661 4.80268
976 0 -3.59908 -3.13367
977 0 -3.57915 -0.349673
978 0 0.0172365 -1.36785
979 0 3.6596 1.54162
980 0 2.49383 3.45612
981 0 0.333545 -3.32484
982 0 0.781677 -1.82939
983 0 -3.97323 1.45677
984 0 -1.0035 -1.2824
985 0 1.62658 -4.45336
986 0 -3.62046 -2.07017
987 0 1.59138 -0.233784
988 0 -0.345984 0.73053
989 0 4.70136 -0.49825
990 0 -4.38645 -2.10124
991 0 -4.6396 -4.29694
992 0 -4.53453 -3.6694
993 0 -0.954402 -0.473963
994 0 1.39039 -2.43239
995 0 1.11037 4.37263
996 0 -4.61162 -2.85154
997 0 -1.5689 -1.99799
998 0 3.16493 -3.89738
999 0 1.86582 -1.09041
1000 0 1.5191 -2.60423
1001 0 -0.767522 -0.533609
1002 0 2.47821 -3.20065
1003 0 -4.43871 2.54305
1004 0 -4.29514 -2.97863
1005 0 -0.621022 0.0726212
1006 0 4.29858 -0.430976
1007 0 -0.676812 -0.129681
1008 0 1.07841 -0.00601758
1009 0 -0.458204 1.78276
1010 0 1.77851 1.74735
1011 0 1.31517 2.91568
1012 0 2.1964 -2.5556
1013 0 4.47407 3.7059
1014 0 -4.27059 -1.75878
1015 0 -1.53974 0.518574
1016 0 -3.27628 -1.3911
1017 0 -6.13271 -5.36297
1018 0 -4.65927 -4.43166
1019 0 -4.77661 -1.17388
1020 0 2.6567 0.193966
1021 0 1.04736 4.0181
1022 0 3.18196 -3.25535
1023 0 -1.44413 -0.495162
1024 0 -1.74703 -2.15935
1025 0 0.241736 -0.889115
1026 0 -0.613846 -0.92348
1027 0 4.97933 4.36372
1028 0 -2.91753 -1.90629
1029 0 -4.43774 4.1963
1030 0 2.95294 0.834374
1031 0 -0.942751 -0.0240395
1032 0 -4.27987 -2.20841
1033 0 2.91162 -4.84742
1034 0 -3.71471 2.52846
1035 0 -2.86709 -3.27225
1036 0 -0.839962 1.10639
1037 0 -1.38661 -4.86392
1038 0 0.516815 1.41479
1039 0 1.07862 -0.387704
1040 0 2.76147 0.943787
1041 0 0.027818 -1.30667
1042 0 2.90509 2.92871
1043 0 -4.79955 1.56709
1044 0 -3.15366 -3.13773
1045 0 -4.09784 -4.48435
1046 0 1.58203 1.01004
1047 0 -3.29176 4.1935
1048 0 3.63333 -3.8007
1049 0 -0.593438 3.55254
1050 0 2.66378 0.938406
1051 0 -0.505128 3.97443
1052 0 4.8203 1.55696
1053 0 2.8213 0.87414
1054 0 -3.5289 1.48695
1055 0 -1.6329 -2.85178
1056 0 0.85337 -1.54273
1057 0 1.91912 0.0898799
1058 0 -3.90206 0.667474
1059 0 2.50181 -0.0620801
1060 0 1.11888 3.13217
1061 0 0.723011 3.80018
1062 0 1.01863 -3.61766
1063 0 0.460987 1.30213
1064 0 2.74753 -4.663
1065 0 -0.899901 3.82183
1066 0 -3.76065 -1.39219
1067 0 3.16116 1.1479
1068 0 -3.34287 -1.78251
1069 0 0.175965 0.183337
1070 0 2.5023 -4.87727
1071 0 2.16921 1.3581
1072 0 2.63753 -4.4633
1073 0 -0.130598 -0.92886
1074 0 -3.98417 0.774633
1075 0 -2.89214 2.36432
1076 0 -2.13308 4.60289
1077 0 4.38193 -0.00733128
1078 0 1.34283 -3.28718
1079 0 -3.39013 -3.31035
1080 0 -1.52495 -4.42282
1081 0 2.23554 3.10139
1082 0 2.77121 0.763665
1083 0 1.93115 0.242205
1084 0 -2.08963 0.82433
1085 0 1.09442 0.532137
1086 0 4.76318 -0.0651639
1087 0 -1.03985 -3.10146
1088 0 -0.66303 4.56442
1089 0 -1.06348 4.40927
1090 0 -3.81604 4.35784
1091 0 -0.511868 -0.382909
1092 0 0.562867 1.14556
1093 0 -2.84247 1.53029
1094 0 -1.36728 0.311826
1095 0 -4.43859 3.02593
1096 0 4.01696 1.78263
1097 0 -3.74288 2.58928
1098 0 -0.368223 0.501047
1099 0 4.68628 0.978754
1100 0 -3.08146 3.59102
1101 0 1.71831 -3.83382
1102 0 1.80441 0.288583
1103 0 -3.53257 -3.29643
1104 0 3.36482 1.44795
1105 0 -1.70795 -1.0547
1106 0 0.739063 0.483567
1107 0 4.63801 0.850333
1108 0 -2.36922 4.84295
1109 0 2.58466 -0.0214157
1110 0 3.42425 -4.50257
1111 0 -0.950444 -0.533254
1112 0 0.982712 -1.99506
1113 0 -1.83388 -2.8095
1114 0 -3.71372 -0.124316
1115 0 4.99112 -4.83261
1116 0 -4.772 -0.125575
1117 0 0.484622 4.03311
1118 0 2.46477 -4.34417
1119 0 -0.461633 3.33177
1120 0 1.96285 0.326993
1121 0 -3.74089 4.45704
1122 0 0.0760887 0.792327
1123 0 -4.08274 -3.35447
1124 0 1.62154 1.29584
1125 0 0.799853 4.73873
1126 0 0.945794 -0.625944
1127 0 -1.0411 -3.19261
1128 0 1.40965 -0.0825922
1129 0 1.24002 0.871401
1130 0 -3.7991 1.14543
1131 0 -3.18439 4.43218
1132 0 -3.45385 3.9741
1133 0 2.33664 0.433256
1134 0 -4.75251 -0.421985
1135 0 0.85614 2.49637
1136 0 3.1637 3.40718
1137 0 3.67843 2.89964
1138 0 4.8159 0.174327
1139 0 -0.910896 -4.33495
1140 0 2.80796 -3.4077
1141 0 4.40385 1.84408
1142 0 -0.915465 0.239777
1143 0 0.976708 -2.13829
1144 0 -4.11969 3.66346
1145 0 -4.85179 -2.12828
1146 0 -4.99334 3.71848
1147 0 -3.24039 2.06525
1148 0 -3.07334 -3.8894
1149 0 -4.4658 0.143057
1150 0 -2.36492 -1.27213
1151 0 2.40188 -0.265659
1152 0 0.206656 -1.27622
1153 0 -4.39083 -0.926226
1154 0 -3.45524 1.37914
1155 0 -1.2723 0.17146
1156 0 0.772359 -0.568681
1157 0 2.41227 1.90531
1158 0 1.29387 0.666365
1159 0 3.78802 -4.20216
1160 0 1.98841 -3.50722
1161 0 -4.13923 -4.70924
1162 0 0.450209 -1.50098
1163 0 -3.93413 4.10924
1164 0 0.262461 1.44715
1165 0 2.01704 0.118635
1166 0 -2.02114 -1.70153
1167 0 1.43896 -0.178762
1168 0 0.451632 -3.47855
1169 0 -3.58084 4.03848
1170 0 2.10708 0.0936071
1171 0 -4.03332 -3.60365
1172 0 0.0266701 4.86475
1173 0 2.92695 -4.6652
1174 0 -1.02979 -1.84771
1175 0 -3.70254 2.59565
1176 0 2.864 4.10486
1177 0 -3.70879 -1.05854
1178 0 -4.64526 -1.82099
1179 0 1.06029 4.14542
1180 0 2.05005 -0.137911
1181 0 1.46739 -1.02443
1182 0 -4.43945 -2.05443
1183 0 3.33833 1.66036
1184 0 -1.56019 -3.46568
1185 0 0.978751 -2.09413
1186 0 -1.99309 -3.51744
1187 0 4.33982 -3.92558
1188 0 2.13698 0.480231
1189 0 1.21871 2.29932
1190 0 -2.71559 -2.8459
1191 0 -2.56444 -2.79954
1192 0 -4.74194 -2.13548
1193 0 -4.33734 -3.93199
1194 0 1.55524 -4.64972
1195 0 -1.13673 3.75682
1196 0 3.29016 3.76888
1197 0 -0.456175 -4.48649
1198 0 -4.8385 -3.41921
1199 0 1.28977 4.87014
1200 0 -1.90765 -2.52094
1201 0 -2.94224 2.47662
1202 0 -4.19072 -4.3666
1203 0 -0.990132 -3.80208
1204 0 0.390044 -3.7277
1205 0 -3.73798 -1.82697
1206 0 -3.91853 2.0793
1207 0 -2.78645 -2.82969
1208 0 -1.44062 0.104739
1209 0 -1.25537 -1.84186
1210 0 -0.891943 0.973354
1211 0 -2.44883 0.890185
1212 0 -4.91269 -3.80084
1213 0 -4.49575 -2.34005
1214 0 -4.69726 0.450266
1215 0 2.25494 0.972473
1216 0 2.06063 4.33456
1217 0 0.252837 -3.21482
1218 0 2.70793 2.35664
1219 0 4.99661 1.87607
1220 0 -3.60324 -0.0159603
1221 0 2.51929 0.169079
1222 0 0.148479 3.08554
1223 0 1.24033 -2.24726
1224 0 -1.57009 -3.24422
1225 0 -1.29791 -4.26287
1226 0 -1.61497 0.712152
1227 0 1.44011 -0.0125467
1228 0 0.820826 -0.449335
1229 0 -0.287525 4.89766
1230 0 1.28668 -0.11217
1231 0 0.343303 1.52306
1232 0 1.14736 1.04404
1233 0 -0.814467 0.123823
1234 0 -3.6309 -3.61102
1235 0 -0.790965 -0.139239
1236 0 2.43617 -2.57379
1237 0 -2.10991 0.979975
1238 0 4.97527 -0.68356
1239 0 3.39687 3.99171
1240 0 -2.30285 -2.59035
1241 0 2.09131 0.431416
1242 0 -0.731007 -3.43042
1243 0 -4.69428 -1.80078
1244 0 1.18761 -0.208566
1245 0 2.19824 0.361377
1246 0 1.80868 0.00503318
1247 0 1.94462 -3.07434
1248 0 0.447547 -3.29506
1249 0 0.086006 -0.942584
1250 0 3.04002 4.08658
1251 0 -5.63026 -3.72428
1252 0 -1.04275 4.18582
1253 0 1.2979 -2.52151
1254 0 0.814152 0.820946
1255 0 1.681 3.38161
1256 0 1.76323 -3.84724
1257 0 4.39095 1.95302
1258 0 -4.50022 -3.11742
1259 0 -2.44015 1.71843
1260 0 3.56335 4.31825
1261 0 4.09779 -4.74019
1262 0 -0.451937 -1.47443
1263 0 2.44387 3.83337
1264 0 -0.239499 4.51284
1265 0 1.00211 0.758466
1266 0 -1.76646 -2.2106
1267 0 -1.67401 -0.980581
1268 0 -3.98705 3.39345
1269 0 -2.75978 3.46092
1270 0 1.61767 -2.99452
1271 0 -3.56577 -1.62001
1272 0 0.196746 -1.0622
1273 0 -1.87876 -2.18084
1274 0 -0.0430593 -0.511588
1275 0 3.58016 1.25963
1276 0 -4.50241 0.437412
1277 0 -4.36826 0.216346
1278 0 -3.09324 -3.23896
1279 0 0.427234 2.559
1280 0 -4.98628 2.18197
1281 0 1.43279 1.63854
1282 0 -1.67119 0.666293
1283 0 0.437149 -1.49693
1284 0 -0.604358 -4.04133
1285 0 -3.56042 4.73633
1286 0 -3.68391 1.54459
1287 0 2.08803 0.464805
1288 0 1.17574 -1.87944
1289 0 -4.77515 -1.84617
1290 0 -4.7638 -1.665
1291 0 0.519747 3.21957
1292 0 -3.83426 -0.252768
1293 0 3.21904 -3.98415
1294 0 1.32428 -0.0425806
1295 0 -0.127258 -4.11482
1296 0 4.05125 4.17921
1297 0 -1.94061 -2.24869
1298 0 1.40833 1.05425
1299 0 -2.23336 -1.91541
1300 0 -4.44267 -0.2097
1301 0 0.480508 4.74014
1302 0 -2.85423 3.743
1303 0 -4.25774 -3.62172
1304 0 -1.65004 -0.742821
1305 0 -2.39013 2.07335
1306 0 -0.816747 -3.02395
1307 0 1.7792 1.44406
1308 0 0.169914 -3.66453
1309 0 -2.14027 -3.15815
1310 0 -1.13343 0.274636
1311 0 0.688854 3.32943
1312 0 0.3989 4.57429
1313 0 3.80952 4.23845
1314 0 -3.75175 1.48465
1315 0 -3.11706 -2.83334
1316 0 1.76004 -2.69511
1317 0 1.72039 -0.617776
1318 0 -1.59116 0.730343
1319 0 3.56853 3.29194
1320 0 -0.839267 -2.27186
1321 0 -0.878247 -3.62686
1322 0 4.61737 3.34362
1323 0 -0.657546 0.421403
1324 0 4.5732 3.82574
1325 0 2.95148 0.655613
1326 0 -3.53258 -2.28416
1327 0 -1.67924 -4.57485
1328 0 1.44021 1.37296
1329 0 1.26158 -0.0415871
1330 0 1.89158 -0.638728
1331 0 3.03202 -4.49604
1332 0 -2.47748 1.13798
1333 0 2.29636 -4.87106
1334 0 3.23699 1.16862
1335 0 -0.438485 -4.07136
1336 0 2.68568 4.46148
1337 0 -1.30697 0.522647
1338 0 1.44176 -1.59545
1339 0 -3.47154 0.293627
1340 0 0.379966 0.758557
1341 0 -2.80089 -2.09634
1342 0 3.25438 1.85111
1343 0 1.76846 0.053188
1344 0 2.75889 0.827897
1345 0 3.10745 4.65707
1346 0 4.92861 -3.21918
1347 0 -1.51507 -4.03213
1348 0 -0.771541 -1.45952
1349 0 -1.72388 4.29955
1350 0 0.344473 1.32442
1351 0 2.8511 4.37652
1352 0 1.77038 -4.67467
1353 0 0.299942 0.830793
1354 0 1.49372 2.95523
1355 0 -1.23858 0.0874947
1356 0 -1.81013 -4.07408
1357 0 2.94343 0.880949
1358 0 0.0845898 4.61603
1359 0 -4.5584 -1.69928
1360 0 -0.0019212 -0.931076
1361 0 -6.30169 -4.69847
1362 0 0.431608 1.22308
1363 0 -2.88762 3.30641
1364 0 0.185287 -0.878429
1365 0 -4.24864 -4.07052
1366 0 3.81615 4.9553
1367 0 3.18752 1.07064
1368 0 3.43667 -4.00955
1369 0 -1.17698 -4.02979
1370 0 2.35996 -3.51799
1371 0 1.1644 -0.269541
1372 0 4.87052 -3.34764
1373 0 -3.71343 -4.59211
1374 0 2.23132 -0.983771
1375 0 -3.80643 -4.64579
1376 0 2.88756 4.35687
1377 0 -2.98994 -0.853627
1378 0 4.30951 3.54792
1379 0 4.71749 -4.22868
1380 0 -2.41663 -4.6607
1381 0 0.99924 -4.30799
1382 0 1.65976 1.07706
1383 0 -0.0868454 -0.0363418
1384 0 2.48836 1.25381
1385 0 3.00589 2.86128
1386 0 0.227957 0.65321
1387 0 -2.81647 4.28978
1388 0 2.17437 -4.81714
1389 0 -0.158161 -4.19902
1390 0 1.87304 0.288047
1391 0 0.143045 0.694229
1392 0 0.974381 0.777716
1393 0 -2.10491 -1.89788
1394 0 1.85018 4.38953
1395 0 2.02543 1.43143
1396 0 -4.93687 -3.54394
1397 0 4.54327 1.40873
1398 0 1.94108 -1.43518
1399 0 -3.43955 4.43556
1400 0 0.737968 1.08031
1401 0 -3.15373 1.70723
1402 0 -0.955034 0.218737
1403 0 -4.65391 0.0983824
1404 0 -3.38129 -4.08582
1405 0 1.8744 2.89056
1406 0 -0.759965 0.0933668
1407 0 2.74602 3.92383
1408 0 0.706316 -0.481219
1409 0 -0.108109 3.24793
1410 0 -0.951788 4.43336
1411 0 -0.939667 -3.51827
1412 0 -1.57572 -0.495022
1413 0 -2.28224 1.90523
1414 0 0.22791 1.56853
1415 0 -1.29805 0.599777
1416 0 1.12102 3.83331
1417 0 1.73975 0.180695
1418 0 -2.35098 2.21579
1419 0 -1.96638 -1.37885
1420 0 4.28382 4.03271
1421 0 0.629277 0.937725
1422 0 -1.06617 -1.00549
1423 0 2.96128 2.60446
1424 0 -3.50618 2.21296
1425 0 -0.0866482 0.488564
1426 0 2.73633 -0.248835
1427 0 -1.97174 0.708648
1428 0 -0.276048 4.78259
1429 0 -2.78374 3.52569
1430 0 0.704241 -0.54649
1431 0 1.33542 -2.41528
1432 0 0.553494 -3.0114
1433 0 1.39573 0.599605
1434 0 -4.26641 -1.08507
1435 0 -1.78705 0.0336665
1436 0 3.20481 1.16887
1437 0 0.867337 3.59255
1438 0 4.26403 -4.86321
1439 0 0.440061 3.74677
1440 0 1.43302 3.82498
1441 0 -2.16786 0.97547
1442 0 1.95006 3.05418
1443 0 -1.13452 -0.00729378
1444 0 0.958399 3.63721
1445 0 -0.984078 -1.69369
1446 0 2.40828 1.62299
1447 0 -1.67467 -4.70582
1448 0 0.295103 -0.812494
1449 0 -3.76511 -4.06831
1450 0 2.15579 0.380151
1451 0 2.08513 4.08145
1452 0 1.63226 1.57068
1453 0 -3.61083 2.94707
1454 0 0.695886 3.54252
1455 0 2.30345 0.187248
1456 0 0.825159 1.1556
1457 0 1.48226 0.968028
1458 0 4.0038 1.65555
1459 0 1.5201 -0.169054
1460 0 0.819813 0.848922
1461 0 -0.502354 -3.77429
1462 0 1.18765 -2.14164
1463 0 -4.48812 3.11239
1464 0 0.0707126 -1.50556
1465 0 0.189502 0.22861
1466 0 -2.43209 -4.9269
1467 0 0.751122 1.05269
1468 0 2.18593 -0.335807
1469 0 2.3131 1.11272
1470 0 -1.70342 0.0177077
1471 0 1.64566 3.95234
1472 0 -0.150088 -0.716618
1473 0 2.64727 0.551061
1474 0 -2.85689 3.72209
1475 0 3.54736 -1.04522
1476 0 1.7062 4.89997
1477 0 -1.69331 -0.983096
1478 0 2.72829 -4.21407
1479 0 1.38753 -0.0660608
1480 0 -0.955008 4.12599
1481 0 -2.36278 -2.54136
1482 0 2.10673 -0.975302
1483 0 -4.01888 -1.4825
1484 0 -1.06632 0.084324
1485 0 1.51853 0.0110711
1486 0 -4.63457 -4.06376
1487 0 2.40058 -0.749645
1488 0 1.1228 3.5909
1489 0 1.17256 3.87366
1490 0 4.55178 -0.542387
1491 0 -4.43314 4.77963
1492 0 -0.914801 3.54628
1493 0 -4.59373 -0.423182
1494 0 -4.46177 3.89941
1495 0 -0.790795 -3.36174
1496 0 -4.00004 0.747764
1497 0 0.489887 0.323791
1498 0 -4.93997 3.41918
1499 0 0.432155 0.996552
1500 0 -1.518 -3.45424
1501 0 -1.38417 -1.96165
1502 0 3.35969 -0.0614673
1503 0 2.3037 2.10562
1504 0 -4.77389 2.20641
1505 0 -3.68403 -2.41008
1506 0 1.84989 0.166346
1507 0 0.113156 4.51523
1508 0 1.56307 0.1061
1509 0 4.6691 -1.16324
1510 0 -2.21751 4.69175
1511 0 -1.26119 -1.84495
1512 0 -2.04776 1.43383
1513 0 1.19981 -2.20576
1514 0 -4.89919 -0.657913
1515 0 1.61025 0.270651
1516 0 2.54165 0.170155
1517 0 -4.28298 -0.821882
1518 0 1.56228 0.0396848
1519 0 -1.45619 -1.74201
1520 0 2.14772 0.0823835
1521 0 -3.49585 -4.86603
1522 0 -0.330591 -0.627096
1523 0 4.46962 1.11407
1524 0 -1.29118 4.93842
1525 0 1.14677 3.96755
1526 0 -3.09585 -3.4032
1527 0 4.76514 -0.603209
1528 0 -3.76008 2.09905
1529 0 -2.96934 -2.93709
1530 0 2.83103 1.23007
1531 0 -3.50301 -2.99765
1532 0 0.144671 4.28275
1533 0 -0.549281 0.116904
1534 0 -4.73646 2.54014
1535 0 -4.49606 2.27266
1536 0 4.3222 3.57198
1537 0 1.84927 -1.0777
1538 0 3.65875 1.43556
1539 0 1.94838 2.96979
1540 0 -1.7288 -1.70604
1541 0 0.183512 -3.368
1542 0 3.28698 -4.52387
1543 0 2.29151 -0.327624
1544 0 -3.91287 -3.30319
1545 0 -1.04494 -1.51694
1546 0 0.84937 0.17141
1547 0 4.25936 3.12954
1548 0 -0.422583 3.55798
1549 0 -7.28443 -5.44182
1550 0 -3.31362 1.80662
1551 0 0.37892 0.298317
1552 0 -0.478045 -0.128205
1553 0 1.31635 1.09142
1554 0 -3.40709 3.07926
1555 0 1.86848 2.27987
1556 0 1.49476 -1.54967
1557 0 0.912976 0.13501
1558 0 0.598217 -0.793761
1559 0 0.860486 0.712171
1560 0 2.76818 0.0179001
1561 0 2.55993 -4.75882
1562 0 2.57009 -0.455319
1563 0 0.0302362 -1.00264
1564 0 0.438404 -1.7126
1565 0 -1.56473 -2.0434
1566 0 -3.29391 -3.10346
1567 0 4.33914 -0.188819
1568 0 -3.4767 -3.1097
1569 0 3.15493 0.992482
1570 0 -1.86839 -2.79489
1571 0 1.18784 -2.44526
1572 0 0.797315 -0.828292
1573 0 1.46591 -4.82223
1574 0 0.456437 3.61884
1575 0 3.69807 1.19133
1576 0 -0.630704 -1.47926
1577 0 0.361466 0.959485
1578 0 4.48981 1.19163
1579 0 2.80787 1.82814
1580 0 4.57795 -4.67741
1581 0 0.412481 4.0676
1582 0 1.34693 -0.21706
1583 0 -1.90175 0.792624
1584 0 2.61837 3.62421
1585 0 -3.1381 -0.399918
1586 0 -3.18005 -2.58918
1587 0 1.07411 0.92226
1588 0 4.10693 -4.66488
1589 0 -0.691322 -1.61674
1590 0 1.99174 1.03027
1591 0 4.59944 -0.523808
1592 0 -4.89791 4.18118
1593 0 -1.43713 -1.97789
1594 0 -2.25745 -3.77951
1595 0 -0.284428 -0.585913
1596 0 3.71468 4.84573
1597 0 -0.34673 4.73709
1598 0 -0.122926 -4.25241
1599 0 3.14679 -3.67857
1600 0 3.7123 3.59889
1601 0 3.15524 -3.85266
1602 0 0.549563 -4.80366
1603 0 -2.75594 -1.70166
1604 0 -4.9573 3.24056
1605 0 -1.17263 -0.631103
1606 0 -4.1108 0.150526
1607 0 0.589979 -1.63502
1608 0 4.48459 0.368355
1609 0 -1.4045 -4.22001
1610 0 3.18108 2.91813
1611 0 3.25772 -3.97102
1612 0 -2.34155 -4.15887
1613 0 4.0357 2.79046
1614 0 -1.53356 -1.65113
1615 0 -0.602514 -1.64655
1616 0 -1.09388 -0.713536
1617 0 -0.00276101 1.1877
1618 0 4.90626 2.30947
1619 0 1.22641 3.06444
1620 0 -4.86979 2.49581
1621 0 2.79667 -0.116144
1622 0 0.870534 -2.13899
1623 0 3.69622 3.4089
1624 0 -4.75513 4.25813
1625 0 1.34415 -1.68885
1626 0 -3.31987 4.70385
1627 0 0.187701 -1.06677
1628 0 2.32618 0.551743
1629 0 0.92574 -4.89228
1630 0 -4.90169 -0.38364
1631 0 3.41193 -3.95655
1632 0 -3.11721 1.98942
1633 0 2.69231 0.34301
1634 0 1.13364 -1.50565
1635 0 4.88809 4.9347
1636 0 1.03236 1.0518
1637 0 -0.660022 -1.60095
1638 0 1.8624 -0.361258
1639 0 4.88972 -1.55932
1640 0 -3.46741 1.48446
1641 0 -3.81737 4.21514
1642 0 -1.52663 -1.95693
1643 0 4.60331 -0.591339
1644 0 4.95277 1.49236
1645 0 2.26244 0.692173
1646 0 -4.06857 3.96413
1647 0 2.84658 3.50507
1648 0 0.470887 -0.659244
1649 0 -1.42686 -1.98878
1650 0 -3.92427 3.74088
1651 0 1.36334 -3.89673
1652 0 2.34773 4.29375
1653 0 4.76016 0.8731
1654 0 -1.877 -2.30036
1655 0 3.11471 2.93889
1656 0 1.61836 -4.63751
1657 0 -2.71331 1.97008
1658 0 -3.37184 4.34696
1659 0 -1.38392 0.279054
1660 0 0.124866 4.8025
1661 0 -0.964572 -0.446757
1662 0 -0.0630996 -0.694822
1663 0 -2.41132 2.08268
1664 0 -5.37677 -3.26116
1665 0 -0.799116 -2.39171
1666 0 -1.54481 0.240186
1667 0 1.60712 -2.3774
1668 0 1.11678 2.9647
1669 0 4.25265 0.855104
1670 0 2.78022 -0.051417
1671 0 -2.37244 -3.94531
1672 0 -3.31022 -3.61233
1673 0 3.31751 4.46393
1674 0 2.31382 0.268514
1675 0 0.91086 1.42697
1676 0 -3.3897 4.38879
1677 0 2.43101 -0.149631
1678 0 -0.19527 -0.773549
1679 0 2.24921 0.0350621
1680 0 0.919388 -0.336122
1681 0 -4.37747 4.84629
1682 0 4.78104 -4.05645
1683 0 0.51944 -1.28602
1684 0 0.950819 3.28634
1685 0 1.88811 4.18689
1686 0 -0.511632 -1.45551
1687 0 2.79796 -4.68863
1688 0 -0.087554 -3.95127
1689 0 -4.41594 2.52349
1690 0 0.433803 0.983288
1691 0 -4.49985 1.1904
1692 0 2.86068 2.98774
1693 0 -4.61821 3.98515
1694 0 -3.55407 0.276704
1695 0 -1.67146 0.734661
1696 0 1.02365 0.992234
1697 0 -4.26934 -0.286274
1698 0 0.280102 1.55669
1699 0 1.22617 0.769313
1700 0 2.56665 4.03366
1701 0 -1.42765 -0.518612
1702 0 -1.75819 -3.93474
1703 0 1.61374 0.0101636
1704 0 -1.26268 -3.84711
1705 0 -2.24617 -4.17917
1706 0 0.400495 -3.62335
1707 0 -1.98268 0.927725
1708 0 2.61292 3.69752
1709 0 -3.57297 4.72139
1710 0 4.73945 -1.25567
1711 0 -2.01885 -3.29838
1712 0 -4.85345 -0.409644
1713 0 -0.839589 4.10121
1714 0 4.50382 1.22524
1715 0 2.63143 0.0201255
1716 0 -4.4327 -3.46205
1717 0 -0.423215 4.25521
1718 0 0.672927 -0.81356
1719 0 4.44993 -0.223508
1720 0 0.738951 -4.68695
1721 0 4.68165 2.08759
1722 0 1.393 4.81651
1723 0 -3.731 -3.73965
1724 0 2.83179 -4.2806
1725 0 -2.45238 2.02493
1726 0 1.5207 -2.40125
1727 0 -4.2273 3.98548
1728 0 -3.31461 -1.01834
1729 0 0.471155 1.19788
1730 0 3.61974 4.05473
1731 0 -4.67853 2.51497
1732 0 -2.11895 -2.36548
1733 0 -0.0305751 0.559307
1734 0 -4.74629 1.91001
1735 0 -2.64423 -2.86604
1736 0 -0.312439 -3.26485
1737 0 1.37536 2.37518
1738 0 4.90135 2.06124
1739 0 4.00744 3.80959
1740 0 -0.408537 -3.10053
1741 0 -3.40716 -3.14203
1742 0 0.766356 0.479446
1743 0 4.80823 2.14524
1744 0 2.57844 1.991
1745 0 2.23398 0.0777873
1746 0 -1.07563 -1.68556
1747 0 -4.38788 -2.23968
1748 0 -3.64903 1.50541
1749 0 0.810567 1.24104
1750 0 -0.490656 -1.1666
1751 0 -3.7638 -4.61188
1752 0 -0.735049 -4.17605
1753 0 -4.59719 3.3717
1754 0 -1.0719 -1.70824
1755 0 -2.44794 -2.64357
1756 0 4.30685 1.91615
1757 0 -2.80591 -2.79907
1758 0 -0.463406 -2.12727
1759 0 -3.08539 4.81464
1760 0 -4.95187 -3.50092
1761 0 3.19983 -3.59854
1762 0 -3.96557 -0.267335
1763 0 -2.27573 1.64076
1764 0 -0.100475 -0.75216
1765 0 -3.89823 -4.8158
1766 0 -1.69472 0.88598
1767 0 2.60917 4.76149
1768 0 0.23101 0.188191
1769 0 2.03556 -3.99573
1770 0 2.68956 0.656584
1771 0 4.20598 1.68185
1772 0 0.556213 3.94855
1773 0 2.11024 -0.79489
1774 0 -4.08636 -3.71573
1775 0 1.35906 -4.97966
1776 0 -4.07244 0.0489919
1777 0 2.58384 -0.132779
1778 0 -2.69375 -3.68443
1779 0 0.265514 -1.41675
1780 0 4.31183 4.96784
1781 0 1.54072 1.02046
1782 0 -0.644561 -0.547828
1783 0 2.06349 -3.97207
1784 0 -3.7783 -3.68755
1785 0 0.257345 0.493151
1786 0 1.99545 -3.21036
1787 0 1.09844 0.804373
1788 0 -4.14513 -0.276977
1789 0 -2.40462 -3.2697
1790 0 -0.122468 -1.33925
1791 0 3.30447 1.22897
1792 0 4.14456 3.17861
1793 0 2.44743 -4.65262
1794 0 1.28551 3.51744
1795 0 2.31674 -0.164076
1796 0 -0.087579 0.364649
1797 0 -3.43669 -3.27747
1798 0 4.60475 -0.497581
1799 0 0.19976 4.43867
1800 0 -4.80482 -4.92878
1801 0 0.334456 4.37097
1802 0 -0.359701 3.55486
1803 0 -6.84908 -5.237
1804 0 3.97263 1.64546
1805 0 2.47086 1.79822
1806 0 -3.41816 -3.41203
1807 0 1.74485 3.50893
1808 0 -0.800718 -4.24838
1809 0 2.79251 1.81137
1810 0 3.86688 1.94142
1811 0 -4.73442 3.63112
1812 0 3.65427 2.26875
1813 0 -1.54483 -2.028
1814 0 -0.373787 4.8304
1815 0 2.75242 0.257805
1816 0 2.75439 -3.11599
1817 0 -0.413196 -0.409647
1818 0 0.720935 -1.0841
1819 0 4.2681 3.91464
1820 0 4.73791 -0.0821958
1821 0 1.42328 4.19584
1822 0 0.0800752 0.555466
1823 0 2.27269 3.2711
1824 0 3.08152 0.306117
1825 0 -0.255838 -0.800322
1826 0 -4.84776 -2.92975
1827 0 0.786887 0.951456
1828 0 2.24224 -2.33314
1829 0 3.61195 4.15763
1830 0 -0.899274 -0.333312
1831 0 2.07718 -0.0957531
1832 0 0.382391 -1.18626
1833 0 1.53906 -3.43564
1834 0 3.20417 1.04599
1835 0 0.498773 0.344522
1836 0 -1.81435 -3.77416
1837 0 1.2869 0.70541
1838 0 -1.28998 4.0034
1839 0 0.575745 -0.935331
1840 0 0.339825 2.93512
1841 0 -4.7095 3.21916
1842 0 -0.993315 -0.367576
1843 0 2.20567 -0.00922596
1844 0 4.18847 -4.39256
1845 0 2.91322 -4.52879
1846 0 2.36423 1.00956
1847 0 1.88275 0.691105
1848 0 1.07463 -2.61204
1849 0 3.58548 4.68683
1850 0 -1.94224 -3.22587
1851 0 1.38505 0.898659
1852 0 -3.23609 -3.62722
1853 0 -0.885734 -1.7622
1854 0 -3.97595 4.13121
1855 0 1.6417 0.264876
1856 0 -4.36918 2.45682
1857 0 -3.65675 -3.3848
1858 0 0.408345 -1.61835
1859 0 -4.91685 2.26621
1860 0 -0.653948 -0.0384746
1861 0 2.36481 -3.10377
1862 0 -6.55019 -4.7249
1863 0 -2.75228 -4.21815
1864 0 1.65322 1.40585
1865 0 4.57445 -4.26419
1866 0 -0.106446 -0.731074
1867 0 -0.659711 0.927945
1868 0 -2.815 -4.13409
1869 0 1.88309 1.0292
1870 0 1.16704 -4.68455
1871 0 -2.31742 0.830709
1872 0 -3.79772 -4.53559
1873 0 0.0838526 4.59238
1874 0 1.01238 -2.64163
1875 0 2.68986 -4.19177
1876 0 -2.27401 -1.52283
1877 0 -1.71818 -2.58851
1878 0 -1.73643 0.736693
1879 0 -1.66876 -1.98286
1880 0 -0.50972 -3.68788
1881 0 2.13659 4.27877
1882 0 0.916235 1.27672
1883 0 -2.87899 -4.29773
1884 0 -0.849753 0.23142
1885 0 -0.00619281 -1.01232
1886 0 -0.0461823 -2.56131
1887 0 3.81574 -4.83854
1888 0 -4.06567 -2.08842
1889 0 0.300959 0.226701
1890 0 -1.03654 -0.312202
1891 0 0.0716644 -4.80883
1892 0 0.460901 -3.15209
1893 0 2.29422 0.478814
1894 0 -0.357569 -1.5441
1895 0 -1.09561 -1.70757
1896 0 0.627653 -3.45163
1897 0 0.837281 1.33306
1898 0 1.06472 0.664784
1899 0 -2.10712 4.73713
1900 0 4.82092 4.9829
1901 0 0.990481 4.8389
1902 0 -4.72786 3.06927
1903 0 2.88205 3.76805
1904 0 0.814563 0.818324
1905 0 4.34201 1.18554
1906 0 -3.64087 -2.20737
1907 0 -3.73355 -3.57293
1908 0 -3.19252 -2.90815
1909 0 -0.984033 -0.434095
1910 0 -3.22877 -0.30262
1911 0 0.943746 3.98168
1912 0 3.5359 3.90798
1913 0 4.85599 -4.31738
1914 0 2.0256 0.307031
1915 0 -3.21096 -1.58573
1916 0 0.980308 0.595753
1917 0 0.16634 -2.07156
1918 0 0.408535 1.53086
1919 0 1.81217 -4.38143
1920 0 0.38006 -2.94492
1921 0 0.515226 3.87284
1922 0 3.06275 1.04971
1923 0 2.69016 1.40482
1924 0 -4.6911 4.3691
1925 0 -2.4546 -2.94952
1926 0 -0.708706 -0.437022
1927 0 -1.93858 4.5176
1928 0 0.7834 1.34627
1929 0 3.21651 1.67298
1930 0 1.04959 4.21038
1931 0 2.91001 0.415456
1932 0 0.881185 -4.7242
1933 0 -2.1051 -3.85748
1934 0 -4.7086 4.52143
1935 0 -2.16675 -4.14485
1936 0 -3.47956 1.41909
1937 0 2.88325 0.717159
1938 0 -1.4716 0.44293
1939 0 1.52562 0.0314928
1940 0 1.66262 3.783
1941 0 1.27557 0.816661
1942 0 2.26942 0.360374
1943 0 2.0876 3.25045
1944 0 -1.79455 4.64828
1945 0 -3.80311 0.593975
1946 0 1.30076 0.614795
1947 0 1.98308 3.71318
1948 0 -3.10418 2.68031
1949 0 2.67631 0.112429
1950 0 1.07569 3.05324
1951 0 0.647464 3.73697
1952 0 -4.81818 1.21118
1953 0 4.96763 -1.10092
1954 0 0.860898 4.67782
1955 0 -1.6453 2.38577
1956 0 -4.43409 4.89562
1957 0 3.74167 3.01392
1958 0 -4.25024 -3.80224
1959 0 -1.1909 -1.76979
1960 0 -2.44208 1.06551
1961 0 -3.42355 0.431575
1962 0 0.865576 -3.66773
1963 0 1.06045 3.02521
1964 0 -3.52368 0.763143
1965 0 1.34574 -2.32754
1966 0 0.705407 -4.64992
1967 0 0.0581345 -3.85045
1968 0 -3.90128 -3.42165
1969 0 0.109648 4.20993
1970 0 -0.701672 -1.44336
1971 0 -3.70144 -1.59649
1972 0 -0.715156 -0.182449
1973 0 0.733204 3.80869
1974 0 -1.43551 -0.55936
1975 0 1.96625 0.541351
1976 0 -0.376487 -0.723252
1977 0 1.65123 0.109678
1978 0 0.80987 0.811436
1979 0 -2.45623 -2.74193
1980 0 1.36152 -4.54085
1981 0 0.647697 -4.83092
1982 0 0.476253 4.97251
1983 0 -1.72306 -4.83494
1984 0 -0.029584 3.31307
1985 0 2.24738 1.43455
1986 0 0.517425 -1.35337
1987 0 4.37819 4.57468
1988 0 -4.1305 -2.89549
1989 0 -1.92039 -2.82151
1990 0 -2.18034 0.0390995
1991 0 3.32765 2.26197
1992 0 -1.69252 -2.07574
1993 0 1.79989 -3.8972
1994 0 1.39208 -3.45697
1995 0 0.242851 3.32321
1996 0 -1.98033 4.43994
1997 0 -0.286848 -4.87688
1998 0 -0.1897 0.891997
1999 0 -4.16642 -2.02965
2000 0 3.02472 1.03469
2001 0 2.49963 -2.4957
2002 0 3.33039 4.90941
2003 0 0.934217 -4.09219
2004 0 -1.74214 -2.63647
2005 0 -0.0776069 -1.00731
2006 0 -1.68253 -4.94607
2007 0 3.13243 4.37031
2008 0 -3.0925 4.95096
2009 0 -0.52717 4.80842
2010 0 -1.04848 -0.142486
2011 0 -0.887015 3.74075
2012 0 -3.54457 -0.388816
2013 0 1.19388 0.7114
2014 0 -3.67788 -3.75239
2015 0 -1.65471 -3.47114
2016 0 1.98949 0.263565
2017 0 -1.42513 0.0611241
2018 0 -1.11332 -2.25133
2019 0 3.10342 -4.49777
2020 0 -1.83479 -1.14666
2021 0 -4.16678 -1.48212
2022 0 1.52913 -4.3181
2023 0 4.96657 -0.190004
2024 0 -4.94601 2.3519
2025 0 -0.544959 0.563726
2026 0 -4.2721 -3.67291
2027 0 0.890572 -1.03446
2028 0 0.980908 -3.08028
2029 0 -0.607733 4.04848
2030 0 -3.56023 1.62955
2031 0 2.42567 3.44986
2032 0 0.612414 2.24525
2033 0 -1.25454 4.19776
2034 0 -4.77652 -1.53702
2035 0 -1.28617 0.23059
2036 0 -3.09491 2.74986
2037 0 -3.92241 -3.79107
2038 0 -3.78993 -2.10451
2039 0 4.99058 2.55653
2040 0 3.71555 1.49214
2041 0 1.64284 1.15011
2042 0 0.134776 -4.35693
2043 0 0.700441 -1.74009
2044 0 -1.10936 -1.79021
2045 0 -3.41558 -4.45271
2046 0 -3.37021 -3.34168
2047 0 0.552513 -1.63701
