OptIndex Step X_0 X_1
0 0 -4.90717 -5.03112
0 1 -4.90717 -5.03112
0 2 1.9249 0.218968
0 3 1.9249 0.218968
0 4 1.97479 0.217255
0 5 2.03152 -0.0818038
0 6 2.03152 -0.0818038
0 7 1.98756 -0.0214186
0 8 1.97941 -0.0125887
0 9 1.97831 -0.0114805
0 10 1.9783 -0.0114722
0 11 1.9783 -0.0114722
0 12 1.97631 -0.00584903
0 13 1.97631 -0.00584899
0 14 1.97631 -0.00584899
0 15 1.985 0.000494567
1 0 -0.0122877 0.640635
1 1 -0.0224199 0.929184
1 2 -0.0454384 0.973842
1 3 -0.0454384 0.973842
1 4 -0.0454384 0.973842
1 5 -0.0454384 0.973842
1 6 -0.0454384 0.973842
1 7 -0.0454384 0.973842
1 8 -0.0454384 0.973842
1 9 -0.0454384 0.973842
1 10 -0.0454384 0.973842
1 11 -0.0454384 0.973842
1 12 -0.0454384 0.973842
1 13 -0.0454384 0.973842
1 14 -0.0454384 0.973842
1 15 -0.0454384 0.973842
2 0 -0.0243084 -3.05771
2 1 -0.0243084 -3.05771
2 2 -0.0243084 -3.05771
2 3 -0.0191094 -3.05895
2 4 -0.0191093 -3.05895
2 5 -0.0191093 -3.05895
2 6 -0.0075469 -2.98984
2 7 -0.00522668 -2.98512
2 8 -0.00345927 -2.98366
2 9 -0.0020129 -2.98239
2 10 -0.00206169 -2.9825
2 11 -0.00204531 -2.98392
2 12 4.32621e-05 -2.98486
2 13 3.29311e-06 -2.98485
2 14 -1.22965e-07 -2.98486
2 15 -1.22965e-07 -2.98486
3 0 5.00349 -2.99174
3 1 4.94665 -0.187218
3 2 4.94665 -0.187218
3 3 4.94665 -0.187218
3 4 4.94665 -0.187218
3 5 4.94665 -0.187218
3 6 4.94812 -0.0389319
3 7 4.9764 -0.0353915
3 8 4.97533 0.00922052
3 9 4.97488 -5.72434e-05
3 10 4.9747 -5.23033e-07
3 11 4.97469 1.62271e-06
3 12 4.97469 9.26433e-07
3 13 4.97469 5.0272e-07
3 14 4.97469 5.02387e-07
3 15 4.97469 5.02304e-07
4 0 5.00804 -3.92715
4 1 5.02206 -3.97319
4 2 5.02206 -3.97319
4 3 5.02206 -3.97319
4 4 3.79232 -2.89142
4 5 3.90045 -3.02542
4 6 3.90045 -3.02542
4 7 3.90045 -3.02542
4 8 3.9694 -3.00289
4 9 3.98238 -2.98491
4 10 3.98117 -2.98585
4 11 3.98077 -2.98612
4 12 3.98057 -2.98605
4 13 3.98004 -2.9854
4 14 3.9798 -2.98497
4 15 3.97979 -2.98492
5 0 3.06759 -0.0776758
5 1 3.00175 -0.0855874
5 2 3.00042 0.0325296
5 3 2.9883 -0.00307497
5 4 2.98755 -0.000701682
5 5 2.98469 -0.000167157
5 6 2.98485 -3.75314e-05
5 7 2.98487 -1.57495e-05
5 8 2.98487 -1.57495e-05
5 9 2.98487 -1.57495e-05
5 10 2.98487 -1.57495e-05
5 11 2.98487 -1.57495e-05
5 12 2.98487 -1.57495e-05
5 13 2.98487 -1.57495e-05
5 14 2.98487 -1.57495e-05
5 15 2.98487 -1.57495e-05
6 0 -3.91186 -0.186583
6 1 -3.91186 -0.186583
6 2 -3.98864 -0.0368329
6 3 -3.98094 0.012194
6 4 -3.98186 0.00022339
6 5 -3.9796 2.4039e-05
6 6 -3.97978 1.44995e-05
6 7 -3.97978 1.46073e-07
6 8 -3.97978 9.31086e-10
6 9 -3.97978 -1.44595e-08
6 10 -3.97978 -1.50651e-08
6 11 -3.97978 -1.51028e-08
6 12 -3.97978 -1.51217e-08
6 13 -3.97978 -1.51312e-08
6 14 -3.97978 -1.51359e-08
6 15 -3.97978 -1.51383e-08
7 0 -0.954181 4.99767
7 1 -0.978978 4.97283
7 2 -0.988765 4.96855
7 3 -0.992936 4.96889
7 4 -0.994861 4.97161
7 5 -0.995129 4.97383
7 6 -0.995021 4.97467
7 7 -0.994992 4.97468
7 8 -0.994984 4.97469
7 9 -0.994984 4.97469
7 10 -0.994984 4.97469
7 11 -0.994984 4.97469
7 12 -0.994984 4.97469
7 13 -0.994984 4.97469
7 14 -0.994984 4.97469
7 15 -0.994984 4.97469
8 0 2.01674 0.0323446
8 1 1.99087 0.0131702
8 2 1.99527 0.0047736
8 3 1.99527 0.0047736
8 4 1.99527 0.00477284
8 5 1.99527 0.00477284
8 6 1.99527 0.00477284
8 7 1.98872 4.75248e-05
8 8 1.98942 0.000659632
8 9 1.98938 0.000605084
8 10 1.9893 0.000464115
8 11 1.98938 0.000281237
8 12 1.99002 6.43429e-05
8 13 1.98992 2.72914e-05
8 14 1.98992 2.72477e-05
8 15 1.98992 2.72335e-05
9 0 0.538941 -1.94906
9 1 0.953551 -1.90629
9 2 0.953551 -1.90629
9 3 0.953551 -1.90629
9 4 0.953551 -1.90629
9 5 0.953551 -1.90629
9 6 0.953551 -1.90629
9 7 0.941287 -1.99552
9 8 0.941287 -1.99552
9 9 0.941287 -1.99552
9 10 1.01063 -1.9805
9 11 1.01063 -1.9805
9 12 1.01063 -1.98051
9 13 1.01063 -1.98051
9 14 1.01063 -1.98051
9 15 1.01063 -1.98051
10 0 -1.1238 -1.16563
10 1 -0.975561 -1.18947
10 2 -1.0494 -1.16344
10 3 -1.10159 -1.04418
10 4 -1.10159 -1.04418
10 5 -1.10159 -1.04418
10 6 -1.10159 -1.04418
10 7 -1.10159 -1.04418
10 8 -1.10159 -1.04418
10 9 -1.10159 -1.04418
10 10 -1.10159 -1.04418
10 11 -1.10159 -1.04418
10 12 -1.10159 -1.04418
10 13 -1.10159 -1.04418
10 14 -1.10159 -1.04418
10 15 -1.10159 -1.04418
11 0 -3.16722 0.142635
11 1 -3.0197 0.181986
11 2 -3.0197 0.181986
11 3 -3.0197 0.181986
11 4 -3.0197 0.181986
11 5 -3.00928 0.0160086
11 6 -2.97994 0.00756031
11 7 -2.98494 -0.00185127
11 8 -2.98405 -0.000508186
11 9 -2.98415 -0.000467153
11 10 -2.98469 -5.14723e-05
11 11 -2.98485 3.04776e-05
11 12 -2.98486 1.92295e-05
11 13 -2.98486 1.74921e-05
11 14 -2.98486 1.74921e-05
11 15 -2.98486 1.74921e-05
12 0 -4.99137 1.99829
12 1 -4.99129 1.99142
12 2 -4.98812 1.99691
12 3 -4.97866 1.98591
12 4 -4.97533 1.98667
12 5 -4.97469 1.98913
12 6 -4.97448 1.98986
12 7 -4.9746 1.98989
12 8 -4.97468 1.98992
12 9 -4.97468 1.98992
12 10 -4.97468 1.98992
12 11 -4.97468 1.98992
12 12 -4.97468 1.98992
12 13 -4.97468 1.98992
12 14 -4.97468 1.98992
12 15 -4.97468 1.98992
13 0 3.20762 3.94418
13 1 3.20762 3.94418
13 2 3.20954 3.97686
13 3 3.20301 3.95661
13 4 3.18233 3.9368
13 5 3.08489 3.84074
13 6 3.09657 3.85226
13 7 3.09638 3.85251
13 8 2.9748 3.98032
13 9 2.98708 3.98119
13 10 2.98486 3.97918
13 11 2.98515 3.97948
13 12 2.98515 3.97948
13 13 2.98515 3.97948
13 14 2.98517 3.97957
13 15 2.98496 3.97977
14 0 0.968238 -0.307102
14 1 0.939156 -0.0710832
14 2 0.939156 -0.0710832
14 3 0.992208 -0.0721944
14 4 0.992208 -0.0721944
14 5 0.992208 -0.0721944
14 6 1.04465 -0.0191545
14 7 1.03437 0.0147167
14 8 0.983676 0.0191916
14 9 0.994974 0.000878822
14 10 0.995033 8.51944e-05
14 11 0.994957 7.37772e-07
14 12 0.994957 1.27314e-06
14 13 0.994957 1.27314e-06
14 14 0.994957 1.27314e-06
14 15 0.994957 1.27314e-06
15 0 3.20493 1.78124
15 1 3.20911 1.94799
15 2 3.20911 1.94799
15 3 3.20911 1.94799
15 4 3.04097 1.80719
15 5 3.08542 1.86034
15 6 3.09776 1.87297
15 7 3.09776 1.87297
15 8 3.09776 1.87297
15 9 3.09776 1.87297
15 10 3.09776 1.87297
15 11 3.02277 1.87322
15 12 2.98162 1.87346
15 13 2.98162 1.87346
15 14 2.98162 1.87346
15 15 2.99995 1.89629
16 0 3.57593 -2.93196
16 1 4.19467 -2.83768
16 2 4.17993 -2.99367
16 3 4.02689 -2.97453
16 4 3.96586 -2.98021
16 5 3.97952 -2.98411
16 6 3.97974 -2.98501
16 7 3.97977 -2.98486
16 8 3.97977 -2.98486
16 9 3.97978 -2.98486
16 10 3.97978 -2.98486
16 11 3.97978 -2.98486
16 12 3.97978 -2.98486
16 13 3.97978 -2.98486
16 14 3.97978 -2.98486
16 15 3.97978 -2.98486
17 0 1.02544 1.94117
17 1 1.03763 1.95523
17 2 1.04168 1.96149
17 3 1.04168 1.96149
17 4 1.04168 1.96149
17 5 0.999006 1.96689
17 6 0.995132 1.96864
17 7 0.995132 1.96864
17 8 0.991889 1.99523
17 9 0.99536 1.98987
17 10 0.994961 1.98989
17 11 0.994959 1.98991
17 12 0.994959 1.98991
17 13 0.994959 1.98991
17 14 0.994959 1.98991
17 15 0.994959 1.98991
18 0 2.02436 -1.03933
18 1 2.00885 -1.04485
18 2 1.99985 -1.00457
18 3 1.99985 -1.00457
18 4 1.99985 -1.00457
18 5 1.99985 -1.00457
18 6 1.99985 -1.00457
18 7 1.99985 -1.00457
18 8 1.99985 -1.00457
18 9 1.99985 -1.00457
18 10 1.99985 -1.00457
18 11 1.99985 -1.00457
18 12 1.99985 -1.00457
18 13 1.99985 -1.00457
18 14 1.99985 -1.00457
18 15 1.99985 -1.00457
19 0 -2.96743 3.01031
19 1 -2.96743 3.01031
19 2 -2.96743 3.01031
19 3 -2.96743 3.01031
19 4 -2.96743 3.01031
19 5 -2.96743 3.01031
19 6 -2.96743 3.01031
19 7 -2.96743 3.01031
19 8 -2.96743 3.01031
19 9 -2.96768 3.01048
19 10 -2.96768 3.01048
19 11 -2.96768 3.01048
19 12 -2.96768 3.01048
19 13 -2.96768 3.01048
19 14 -2.96768 3.01048
19 15 -2.96768 3.01048
20 0 -1.98265 -3.12658
20 1 -1.90925 -3.0021
20 2 -1.9576 -2.97077
20 3 -1.96722 -2.9623
20 4 -1.96722 -2.9623
20 5 -1.96836 -2.96124
20 6 -1.96836 -2.96124
20 7 -1.96894 -2.96073
20 8 -1.96894 -2.96073
20 9 -1.96894 -2.96073
20 10 -1.97013 -2.95981
20 11 -1.97013 -2.95981
20 12 -1.97013 -2.95981
20 13 -1.97013 -2.95981
20 14 -1.97013 -2.95981
20 15 -1.97014 -2.95981
21 0 2.03449 -0.510269
21 1 2.00972 -2.05886
21 2 2.00975 -1.99789
21 3 1.98249 -1.99077
21 4 1.98965 -1.99111
21 5 1.98992 -1.98991
21 6 1.98991 -1.98991
21 7 1.98991 -1.98991
21 8 1.98991 -1.98991
21 9 1.98991 -1.98991
21 10 1.98991 -1.98991
21 11 1.98991 -1.98991
21 12 1.98991 -1.98991
21 13 1.98991 -1.98991
21 14 1.98991 -1.98991
21 15 1.98991 -1.98991
22 0 -1.85419 2.11883
22 1 -1.83048 2.04163
22 2 -1.83048 2.04163
22 3 -1.83048 2.04163
22 4 -1.83048 2.04163
22 5 -1.83048 2.04163
22 6 -1.83048 2.04163
22 7 -1.85045 2.03442
22 8 -1.95161 1.98442
22 9 -1.98219 1.96565
22 10 -1.97936 1.9738
22 11 -1.98008 1.98683
22 12 -1.99074 1.98989
22 13 -1.98995 1.98977
22 14 -1.98991 1.9899
22 15 -1.98991 1.98991
23 0 -1.94302 4.70853
23 1 -1.94103 4.9881
23 2 -1.94103 4.9881
23 3 -1.97926 4.9763
23 4 -1.98936 4.97071
23 5 -1.98862 4.97298
23 6 -1.98885 4.97439
23 7 -1.99009 4.97467
23 8 -1.98992 4.97466
23 9 -1.98992 4.97467
23 10 -1.98992 4.97467
23 11 -1.98992 4.97467
23 12 -1.98992 4.97467
23 13 -1.98992 4.97467
23 14 -1.98992 4.97467
23 15 -1.98992 4.97467
24 0 3.99823 2.88349
24 1 4.00886 2.97282
24 2 3.98877 2.99615
24 3 3.97358 2.99188
24 4 3.97872 2.98841
24 5 3.97947 2.98542
24 6 3.97992 2.98487
24 7 3.97978 2.98486
24 8 3.97978 2.98486
24 9 3.97978 2.98486
24 10 3.97978 2.98486
24 11 3.97978 2.98486
24 12 3.97978 2.98486
24 13 3.97978 2.98486
24 14 3.97978 2.98486
24 15 3.97978 2.98486
25 0 -4.99612 -3.0069
25 1 -4.99612 -3.0069
25 2 -4.99612 -3.0069
25 3 -4.99612 -3.0069
25 4 -4.99612 -3.0069
25 5 -4.99612 -3.0069
25 6 -4.99612 -3.0069
25 7 -4.99612 -3.0069
25 8 -4.99612 -3.0069
25 9 -4.99612 -3.0069
25 10 -4.9776 -3.00644
25 11 -4.97442 -2.98527
25 12 -4.97458 -2.98487
25 13 -4.97471 -2.98486
25 14 -4.97469 -2.98486
25 15 -4.97469 -2.98486
26 0 -5.03062 -0.130805
26 1 -5.03053 0.00519422
26 2 -4.95389 0.00190323
26 3 -4.97436 0.000623798
26 4 -4.9747 -8.87813e-05
26 5 -4.97466 -1.8925e-05
26 6 -4.97466 -1.63278e-05
26 7 -4.97467 -8.36819e-06
26 8 -4.97467 -8.36819e-06
26 9 -4.97467 -8.36819e-06
26 10 -4.97467 -8.36819e-06
26 11 -4.97467 -8.36819e-06
26 12 -4.97467 -8.36819e-06
26 13 -4.97467 -8.36819e-06
26 14 -4.97467 -8.36819e-06
26 15 -4.97467 -8.36819e-06
27 0 -3.02041 0.670793
27 1 -3.10079 1.09019
27 2 -3.10079 1.09019
27 3 -3.10079 1.09019
27 4 -3.10079 1.09019
27 5 -3.10246 0.982537
27 6 -3.0408 0.927585
27 7 -3.0408 0.927585
27 8 -3.0408 0.927585
27 9 -3.0408 0.927585
27 10 -3.0408 0.927585
27 11 -3.0408 0.927585
27 12 -3.0408 0.927585
27 13 -3.0408 0.927585
27 14 -3.0408 0.927585
27 15 -3.0408 0.927585
28 0 -1.82228 0.938714
28 1 -1.82564 1.02339
28 2 -1.90353 0.94967
28 3 -1.90353 0.94967
28 4 -1.93909 0.988403
28 5 -1.99489 0.996202
28 6 -1.98992 0.994472
28 7 -1.98988 0.994887
28 8 -1.9899 0.994957
28 9 -1.98991 0.994958
28 10 -1.98991 0.994958
28 11 -1.98991 0.994959
28 12 -1.98991 0.994959
28 13 -1.98991 0.994959
28 14 -1.98991 0.994959
28 15 -1.98991 0.994959
29 0 -1.12 3.15022
29 1 -1.12 3.15022
29 2 -1.12 3.15022
29 3 -1.1191 3.01991
29 4 -0.967236 2.94775
29 5 -1.01576 2.97897
29 6 -1.01061 2.9735
29 7 -1.00996 2.97271
29 8 -1.00854 2.97128
29 9 -1.00838 2.97112
29 10 -1.00837 2.97112
29 11 -1.00837 2.97112
29 12 -1.00837 2.97112
29 13 -0.99994 2.96917
29 14 -0.99994 2.96917
29 15 -0.99994 2.96917
30 0 1.05073 -1.93428
30 1 0.998891 -1.96994
30 2 1.00439 -1.97983
30 3 1.00439 -1.97983
30 4 1.00495 -1.9804
30 5 1.00495 -1.9804
30 6 1.00737 -1.9862
30 7 1.00737 -1.9862
30 8 1.00737 -1.98621
30 9 1.00737 -1.98621
30 10 1.00263 -1.99232
30 11 1.00072 -1.99253
30 12 0.994953 -1.992
30 13 0.994966 -1.99117
30 14 0.99498 -1.98991
30 15 0.994959 -1.98991
31 0 3.86378 1.16938
31 1 3.86915 1.01539
31 2 3.94824 1.02098
31 3 3.98246 0.992156
31 4 3.97985 0.995459
31 5 3.97979 0.994854
31 6 3.9798 0.994957
31 7 3.9798 0.994957
31 8 3.9798 0.994957
31 9 3.9798 0.994957
31 10 3.9798 0.994957
31 11 3.9798 0.994957
31 12 3.9798 0.994957
31 13 3.9798 0.994957
31 14 3.9798 0.994957
31 15 3.9798 0.994957
32 0 -1.20654 -0.9609
32 1 -1.07373 -0.913587
32 2 -1.07303 -0.977303
32 3 -1.07303 -0.977303
32 4 -1.05364 -0.967301
32 5 -1.01415 -0.956497
32 6 -0.997667 -0.982902
32 7 -0.993738 -0.99383
32 8 -0.995019 -0.99503
32 9 -0.994953 -0.994964
32 10 -0.994953 -0.994964
32 11 -0.994953 -0.994964
32 12 -0.994953 -0.994964
32 13 -0.994953 -0.994964
32 14 -0.994953 -0.994964
32 15 -0.994953 -0.994964
33 0 3.92171 -3.99898
33 1 3.9349 -3.9532
33 2 3.96718 -4.0046
33 3 3.96718 -4.0046
33 4 3.96718 -4.0046
33 5 3.96718 -4.0046
33 6 3.96718 -4.0046
33 7 3.96718 -4.0046
33 8 3.96718 -4.0046
33 9 3.96718 -4.0046
33 10 3.96875 -4.00525
33 11 3.96875 -4.00525
33 12 3.96875 -4.00525
33 13 3.96875 -4.00525
33 14 3.96875 -4.00525
33 15 3.96875 -4.00525
34 0 3.56513 -3.01217
34 1 3.89115 -3.06527
34 2 3.89115 -3.06527
34 3 3.89115 -3.06527
34 4 3.89115 -3.06527
34 5 3.97623 -3.06362
34 6 3.9228 -3.01311
34 7 1.90905 -0.999723
34 8 1.93901 -1.03428
34 9 1.93901 -1.03428
34 10 0.0703661 0.889202
34 11 0.0818131 0.954856
34 12 0.0818131 0.954856
34 13 0.0818131 0.954856
34 14 0.00658331 0.940853
34 15 0.00658329 0.940853
35 0 -2.96752 0.0502109
35 1 -2.96995 0.0508957
35 2 -2.96995 0.0508957
35 3 -2.96995 0.0508957
35 4 -2.96995 0.0508957
35 5 -2.96995 0.0508957
35 6 -2.96995 0.0508957
35 7 -2.96995 0.0508957
35 8 -2.96995 0.0508957
35 9 -2.96995 0.0508957
35 10 -2.96995 0.0508957
35 11 -2.96995 0.0508957
35 12 -2.96995 0.0508957
35 13 -2.96995 0.0508957
35 14 -2.96995 0.0508957
35 15 -3.01098 0.00237867
36 0 3.9678 -2.95091
36 1 3.97708 -2.94947
36 2 3.98544 -2.98054
36 3 3.98544 -2.98054
36 4 3.98544 -2.98054
36 5 3.98544 -2.98054
36 6 3.98544 -2.98054
36 7 3.98544 -2.98054
36 8 3.98544 -2.98054
36 9 3.98544 -2.98054
36 10 3.98544 -2.98054
36 11 3.98544 -2.98054
36 12 3.98544 -2.98054
36 13 3.98544 -2.98054
36 14 3.98544 -2.98054
36 15 3.98544 -2.98054
37 0 4.06998 -2.94434
37 1 3.98407 -2.97683
37 2 3.98617 -2.98015
37 3 3.98617 -2.98015
37 4 3.98617 -2.98015
37 5 3.98617 -2.98015
37 6 3.98617 -2.98015
37 7 3.98141 -2.97921
37 8 3.98218 -2.98393
37 9 3.98218 -2.98393
37 10 3.98218 -2.98393
37 11 3.98218 -2.98393
37 12 3.98218 -2.98393
37 13 3.98218 -2.98393
37 14 3.98218 -2.98393
37 15 3.98218 -2.98393
38 0 -5.00969 1.87731
38 1 -5.00598 1.96212
38 2 -4.99725 1.95637
38 3 -4.99725 1.95637
38 4 -4.99725 1.95637
38 5 -4.99725 1.95637
38 6 -4.99725 1.95637
38 7 -4.99725 1.95637
38 8 -4.99725 1.95637
38 9 -4.99725 1.95637
38 10 -4.99725 1.95637
38 11 -4.99725 1.95637
38 12 -4.99725 1.95637
38 13 -4.99725 1.95637
38 14 -4.99725 1.95637
38 15 -4.99725 1.95637
39 0 -1.01529 1.97364
39 1 -1.00423 1.97019
39 2 -1.00423 1.97019
39 3 -1.00423 1.97019
39 4 -1.00423 1.97019
39 5 -1.00423 1.97019
39 6 -1.00423 1.97019
39 7 -1.00423 1.97019
39 8 -1.00423 1.97019
39 9 -1.00423 1.97019
39 10 -1.00423 1.97019
39 11 -1.00423 1.97019
39 12 -1.00423 1.97019
39 13 -1.00423 1.97019
39 14 -1.00423 1.97019
39 15 -1.00423 1.97019
40 0 -0.510276 -0.0677803
40 1 -0.909188 0.0625484
40 2 -0.909188 0.0625484
40 3 -0.909188 0.0625484
40 4 -0.909188 0.0625484
40 5 -0.909188 0.0625484
40 6 -1.01142 0.0600877
40 7 -0.975414 0.0231274
40 8 -0.973355 0.0209916
40 9 -0.973355 0.0209916
40 10 -0.973355 0.0209916
40 11 -0.973355 0.0209916
40 12 -0.973355 0.0209916
40 13 -0.973355 0.0209916
40 14 -0.973355 0.0209916
40 15 -0.973355 0.0209916
41 0 -4.17401 3.14698
41 1 -4.17742 2.93184
41 2 -4.17742 2.93184
41 3 -3.9906 3.09053
41 4 -3.93047 2.99378
41 5 -3.93047 2.99378
41 6 -3.93047 2.99378
41 7 -3.93047 2.99378
41 8 -3.93047 2.99378
41 9 -3.93047 2.99378
41 10 -3.93047 2.99378
41 11 -3.93047 2.99378
41 12 -3.93047 2.99378
41 13 -3.93047 2.99378
41 14 -3.93047 2.99378
41 15 -3.93047 2.99378
42 0 2.7957 2.36707
42 1 2.79088 2.0017
42 2 2.79088 2.0017
42 3 -1.11441 -0.0859111
42 4 -0.971197 -0.0561177
42 5 -1.00932 -0.0279921
42 6 -1.01761 -0.0186057
42 7 -1.01761 -0.0186057
42 8 -1.01761 -0.0186057
42 9 -1.01761 -0.0186057
42 10 -1.01761 -0.0186057
42 11 -1.01761 -0.0186057
42 12 -1.01761 -0.0186057
42 13 -1.01761 -0.0186057
42 14 -1.01761 -0.0186057
42 15 -1.01761 -0.0186057
43 0 0.921128 -5.92883
43 1 0.920045 -5.97943
43 2 0.937139 -6.00237
43 3 0.962949 -6.02309
43 4 0.962949 -6.02309
43 5 0.962949 -6.02309
43 6 0.963254 -6.02326
43 7 0.963254 -6.02326
43 8 0.963254 -6.02326
43 9 0.964642 -5.95626
43 10 0.964931 -5.96946
43 11 0.96615 -5.96957
43 12 0.99514 -5.97197
43 13 0.994971 -5.96956
43 14 0.994959 -5.96957
43 15 0.994959 -5.96957
44 0 -2.96845 -2.97008
44 1 -2.99159 -2.98976
44 2 -2.9858 -2.98374
44 3 -2.9859 -2.98385
44 4 -2.9859 -2.98385
44 5 -2.98554 -2.98379
44 6 -2.98486 -2.98427
44 7 -2.98487 -2.98463
44 8 -2.98486 -2.98486
44 9 -2.98486 -2.98486
44 10 -2.98486 -2.98486
44 11 -2.98483 -2.98484
44 12 -2.98483 -2.98484
44 13 -2.98483 -2.98484
44 14 -2.98483 -2.98484
44 15 -2.98483 -2.98484
45 0 -2.78193 -3.0755
45 1 -2.79917 -2.96159
45 2 -2.99322 -3.0399
45 3 -2.97963 -2.96523
45 4 -2.97429 -2.98066
45 5 -2.97429 -2.98066
45 6 -2.98234 -2.97946
45 7 -2.98234 -2.97946
45 8 -2.98491 -2.98361
45 9 -2.98549 -2.98439
45 10 -2.98543 -2.98441
45 11 -2.98501 -2.98477
45 12 -2.98487 -2.98487
45 13 -2.98485 -2.98487
45 14 -2.98485 -2.98486
45 15 -2.98485 -2.98486
46 0 -1.89605 -0.941979
46 1 -1.99673 -0.970588
46 2 -1.98619 -0.984843
46 3 -1.98349 -0.987249
46 4 -1.98287 -0.987899
46 5 -1.98286 -0.9879
46 6 -1.98286 -0.9879
46 7 -1.98194 -0.989399
46 8 -1.98194 -0.9894
46 9 -1.98194 -0.9894
46 10 -1.98194 -0.9894
46 11 -1.98194 -0.9894
46 12 -1.98148 -0.990204
46 13 -1.98148 -0.990204
46 14 -1.98148 -0.990204
46 15 -1.98148 -0.990204
47 0 2.0799 3.01454
47 1 2.08083 3.01148
47 2 2.08083 3.01148
47 3 2.08083 3.01148
47 4 2.08083 3.01148
47 5 2.04562 3.04218
47 6 2.04562 3.04218
47 7 2.04562 3.04218
47 8 2.04562 3.04218
47 9 2.04488 3.04288
47 10 2.04488 3.04288
47 11 2.03839 3.04778
47 12 2.03839 3.04778
47 13 2.03839 3.04778
47 14 2.03839 3.04778
47 15 2.03839 3.04778
48 0 2.93596 -0.0217942
48 1 2.96184 0.0121596
48 2 2.98241 -0.0101314
48 3 2.98241 -0.0101314
48 4 2.98241 -0.0101316
48 5 2.98241 -0.0101316
48 6 2.98501 -0.00986613
48 7 2.98537 -0.000218412
48 8 2.98488 5.76887e-07
48 9 2.98486 4.10316e-06
48 10 2.98486 4.07391e-06
48 11 2.98486 2.79841e-06
48 12 2.98486 2.79643e-06
48 13 2.98486 2.79544e-06
48 14 2.98486 2.79532e-06
48 15 2.98486 2.79531e-06
49 0 3.98964 -0.513692
49 1 3.98304 -2.76865
49 2 3.98304 -2.76865
49 3 3.98304 -2.76865
49 4 3.97741 -1.99602
49 5 3.97741 -1.99602
49 6 3.97741 -1.99602
49 7 3.97741 -1.99602
49 8 3.97741 -1.99602
49 9 3.97741 -1.99602
49 10 3.97741 -1.99602
49 11 3.97741 -1.99602
49 12 3.97741 -1.99602
49 13 3.97741 -1.99602
49 14 3.97741 -1.99602
49 15 3.97741 -1.99602
50 0 0.962237 0.0437262
50 1 0.979763 0.0505905
50 2 0.992593 0.000906673
50 3 0.992593 0.000906673
50 4 0.992593 0.000906708
50 5 0.992593 0.000906708
50 6 0.993236 0.000170846
50 7 0.994375 1.09953e-05
50 8 0.994948 -6.75678e-05
50 9 0.994959 -8.85535e-06
50 10 0.994959 -7.7949e-06
50 11 0.994959 -7.7949e-06
50 12 0.994959 -7.7949e-06
50 13 0.994959 -7.7949e-06
50 14 0.994959 -7.7949e-06
50 15 0.994959 -7.7949e-06
51 0 -5.01055 0.116509
51 1 -5.01055 0.116509
51 2 -4.99267 -0.00566992
51 3 -4.99267 -0.00566992
51 4 -4.98842 -0.0110284
51 5 -4.98534 -0.0137239
51 6 -4.98534 -0.013725
51 7 -4.98534 -0.013725
51 8 -4.98534 -0.013725
51 9 -4.98534 -0.013725
51 10 -4.97662 -0.0124882
51 11 -4.97398 -0.00013077
51 12 -4.9745 -3.07185e-05
51 13 -4.97468 2.49165e-05
51 14 -4.97469 4.5953e-06
51 15 -4.97469 1.19767e-06
52 0 4.95265 -2.51845
52 1 4.9627 -3.08722
52 2 4.96418 -2.96314
52 3 4.98121 -2.99062
52 4 4.97599 -2.98745
52 5 4.97505 -2.98495
52 6 4.97479 -2.98489
52 7 4.97469 -2.98484
52 8 4.97469 -2.98485
52 9 4.97469 -2.98485
52 10 4.97469 -2.98485
52 11 4.97469 -2.98485
52 12 4.97469 -2.98485
52 13 4.97469 -2.98485
52 14 4.97469 -2.98485
52 15 4.97469 -2.98485
53 0 -2.92652 -3.49676
53 1 -2.9538 0.452769
53 2 -2.95482 0.0196978
53 3 -2.96065 -0.00589527
53 4 -2.96723 0.00954991
53 5 -2.98394 0.00925486
53 6 -2.98488 0.00109094
53 7 -2.985 1.57656e-05
53 8 -2.98487 1.67358e-06
53 9 -2.98487 1.67318e-06
53 10 -2.98487 1.67308e-06
53 11 -2.98487 1.67303e-06
53 12 -2.98487 1.67303e-06
53 13 -2.98487 1.67303e-06
53 14 -2.98487 1.67303e-06
53 15 -2.98487 1.67303e-06
54 0 -1.96114 -5.03476
54 1 -1.96098 -4.98731
54 2 -2.00025 -4.98552
54 3 -1.98976 -4.97526
54 4 -1.98956 -4.97505
54 5 -1.98956 -4.97505
54 6 -1.98956 -4.97505
54 7 -1.98956 -4.97505
54 8 -1.98956 -4.97505
54 9 -1.98956 -4.97505
54 10 -1.98956 -4.97505
54 11 -1.98956 -4.97505
54 12 -1.98956 -4.97505
54 13 -1.98956 -4.97505
54 14 -1.98956 -4.97505
54 15 -1.98956 -4.97505
55 0 0.0879566 4.88936
55 1 0.087533 4.97105
55 2 0.0276215 4.95705
55 3 0.00168078 4.96634
55 4 0.000596528 4.97538
55 5 5.44118e-06 4.97469
55 6 1.28431e-06 4.97469
55 7 1.22272e-06 4.97469
55 8 1.19701e-06 4.97469
55 9 1.1849e-06 4.97469
55 10 1.18187e-06 4.97469
55 11 1.18037e-06 4.97469
55 12 1.17962e-06 4.97469
55 13 1.17924e-06 4.97469
55 14 1.1792e-06 4.97469
55 15 1.17919e-06 4.97469
56 0 -2.9897 -1.01195
56 1 -2.9897 -0.992808
56 2 -2.9897 -0.992808
56 3 -2.9897 -0.992808
56 4 -2.9897 -0.992808
56 5 -2.9897 -0.992808
56 6 -2.9897 -0.992808
56 7 -2.9897 -0.992808
56 8 -2.9897 -0.992808
56 9 -2.9897 -0.992808
56 10 -2.9897 -0.992808
56 11 -2.9897 -0.992808
56 12 -2.9897 -0.992808
56 13 -2.9897 -0.992808
56 14 -2.9897 -0.992808
56 15 -2.9897 -0.992808
57 0 1.90126 -3.14127
57 1 1.90626 -2.98566
57 2 1.97227 -3.02956
57 3 1.97227 -3.02956
57 4 1.97227 -3.02956
57 5 1.97227 -3.02956
57 6 1.97227 -3.02956
57 7 1.97227 -3.02956
57 8 1.97227 -3.02956
57 9 1.97227 -3.02956
57 10 1.97227 -3.02956
57 11 1.97227 -3.02956
57 12 1.97227 -3.02956
57 13 1.97227 -3.02956
57 14 1.97227 -3.02956
57 15 1.97227 -3.02956
58 0 -2.01731 -2.97857
58 1 -1.99651 -2.9695
58 2 -1.99596 -2.98285
58 3 -1.99596 -2.98285
58 4 -1.99098 -2.98518
58 5 -1.99002 -2.98504
58 6 -1.98991 -2.98484
58 7 -1.98991 -2.98484
58 8 -1.98991 -2.98484
58 9 -1.98991 -2.98484
58 10 -1.98991 -2.98484
58 11 -1.98991 -2.98484
58 12 -1.98991 -2.98484
58 13 -1.98991 -2.98484
58 14 -1.98991 -2.98484
58 15 -1.98991 -2.98484
59 0 -3.02677 4.58326
59 1 -3.02431 5.00284
59 2 -3.01325 4.96077
59 3 -2.99496 4.95273
59 4 -2.97706 4.95535
59 5 -2.98459 4.96385
59 6 -2.98519 4.97152
59 7 -2.98506 4.97468
59 8 -2.98487 4.97469
59 9 -2.98486 4.97469
59 10 -2.98486 4.97469
59 11 -2.98486 4.97469
59 12 -2.98486 4.97469
59 13 -2.98486 4.97469
59 14 -2.98486 4.97469
59 15 -2.98486 4.97469
60 0 -3.94063 0.0342008
60 1 -3.93905 0.00383967
60 2 -3.93905 0.00383967
60 3 -3.93905 0.00383967
60 4 -3.93905 0.00383967
60 5 -3.93905 0.00383967
60 6 -3.93905 0.00383967
60 7 -3.93905 0.00383967
60 8 -3.93905 0.00383967
60 9 -3.93905 0.00383967
60 10 -3.93905 0.00383967
60 11 -3.93905 0.00383967
60 12 -3.93905 0.00383967
60 13 -3.93905 0.00383967
60 14 -3.93905 0.00383967
60 15 -3.93905 0.00383967
61 0 -2.04685 -3.92844
61 1 -2.04645 -3.99517
61 2 -2.0054 -3.9878
61 3 -1.99063 -3.97581
61 4 -1.99201 -3.97741
61 5 -1.99226 -3.97773
61 6 -1.99227 -3.978
61 7 -1.99007 -3.97978
61 8 -1.98992 -3.97979
61 9 -1.98992 -3.97979
61 10 -1.98992 -3.97979
61 11 -1.98992 -3.97979
61 12 -1.98992 -3.97979
61 13 -1.98992 -3.97979
61 14 -1.98992 -3.97979
61 15 -1.98992 -3.97979
62 0 -4.94302 0.155697
62 1 -5.02569 0.125052
62 2 -4.94382 -0.037502
62 3 -4.94382 -0.037502
62 4 -4.94382 -0.037502
62 5 -4.97158 -0.0267259
62 6 -4.98954 0.00194105
62 7 -4.98954 0.00194105
62 8 -4.98954 0.00194105
62 9 -4.97752 0.00128182
62 10 -4.97472 -0.00015507
62 11 -4.97469 -4.68357e-06
62 12 -4.97469 -4.43637e-06
62 13 -4.97469 -4.43637e-06
62 14 -4.97469 -4.43637e-06
62 15 -4.97469 -4.43637e-06
63 0 -3.96387 4.97114
63 1 -3.96439 4.97574
63 2 -4.15242 4.06271
63 3 -4.15242 4.06271
63 4 -4.15242 4.06271
63 5 -4.15242 4.06271
63 6 -4.15242 4.06271
63 7 -3.97611 3.90489
63 8 -4.00191 3.95194
63 9 -4.00488 3.96835
63 10 -4.00522 3.96918
63 11 -4.00522 3.96918
63 12 -4.00522 3.96918
63 13 -4.00522 3.96918
63 14 -4.00522 3.96918
63 15 -4.00522 3.96918
64 0 4.05555 4.93217
64 1 3.98355 4.93226
64 2 3.98355 4.98306
64 3 3.97935 4.97447
64 4 3.97969 4.97474
64 5 3.97973 4.97476
64 6 3.97973 4.97476
64 7 3.97975 4.97473
64 8 3.97979 4.97469
64 9 3.97979 4.97469
64 10 3.97979 4.97469
64 11 3.97979 4.97469
64 12 3.97979 4.97469
64 13 3.97979 4.97469
64 14 3.97979 4.97469
64 15 3.97979 4.97469
65 0 -1.68959 1.93676
65 1 -2.02821 1.81568
65 2 -2.02821 1.81568
65 3 -2.02821 1.81568
65 4 -2.02821 1.81568
65 5 -2.02821 1.81568
65 6 -2.01219 2.01548
65 7 -1.98483 1.98039
65 8 -1.98952 1.98897
65 9 -1.99022 1.99017
65 10 -1.98992 1.99007
65 11 -1.98992 1.99007
65 12 -1.98992 1.99007
65 13 -1.98992 1.99007
65 14 -1.98992 1.99007
65 15 -1.98992 1.99007
66 0 1.39237 -2.92748
66 1 0.89735 -3.09491
66 2 -0.818816 -1.95392
66 3 -0.818816 -1.95392
66 4 -0.82753 -1.93075
66 5 -0.920231 -1.88889
66 6 -0.920231 -1.88889
66 7 -0.920231 -1.88889
66 8 -0.920231 -1.88889
66 9 -0.920231 -1.88889
66 10 -0.920231 -1.88889
66 11 -0.920231 -1.88889
66 12 -0.920231 -1.88889
66 13 -0.920231 -1.88889
66 14 -0.920231 -1.88889
66 15 -0.920231 -1.88889
67 0 -3.96279 3.11046
67 1 -4.02205 3.06404
67 2 -3.99722 2.97123
67 3 -3.99722 2.97123
67 4 -3.99722 2.97123
67 5 -3.99722 2.97123
67 6 -3.99722 2.97123
67 7 -1.04345 1.26304
67 8 -1.04345 1.26304
67 9 -1.04345 1.26304
67 10 -1.04345 1.26304
67 11 -1.04345 1.26304
67 12 -1.0334 0.967298
67 13 -1.03545 0.970684
67 14 -1.03545 0.970684
67 15 -1.03545 0.970684
68 0 -3.17522 0.810635
68 1 -2.98831 0.753629
68 2 -3.08466 0.808151
68 3 -3.11242 0.951934
68 4 -3.11242 0.951934
68 5 -3.11242 0.951934
68 6 -3.11242 0.951934
68 7 -3.11242 0.951934
68 8 -3.11242 0.951934
68 9 -2.97323 1.01769
68 10 -2.98804 0.994974
68 11 -2.98652 0.995978
68 12 -2.98579 0.996352
68 13 -2.98541 0.996089
68 14 -2.98507 0.995307
68 15 -2.98477 0.994972
69 0 4.99419 3.18426
69 1 4.17057 3.88245
69 2 4.02063 3.9181
69 3 4.02063 3.9181
69 4 4.02063 3.9181
69 5 3.97187 4.00841
69 6 3.98867 3.99154
69 7 3.99134 3.9878
69 8 3.99134 3.9878
69 9 3.99134 3.9878
69 10 3.99134 3.9878
69 11 3.99134 3.9878
69 12 3.99134 3.9878
69 13 3.99134 3.9878
69 14 3.99134 3.9878
69 15 3.99134 3.9878
70 0 0.997373 -1.93657
70 1 0.994588 -1.99649
70 2 0.992546 -1.99507
70 3 0.992546 -1.99507
70 4 0.996395 -1.99331
70 5 0.99608 -1.9924
70 6 0.994435 -1.99014
70 7 0.995009 -1.98992
70 8 0.994968 -1.98993
70 9 0.994968 -1.98993
70 10 0.994968 -1.98993
70 11 0.994968 -1.98993
70 12 0.994968 -1.98993
70 13 0.994968 -1.98993
70 14 0.994968 -1.98993
70 15 0.994968 -1.98993
71 0 1.03186 -0.0256838
71 1 1.02938 0.0129976
71 2 1.01014 -0.00585703
71 3 1.01014 -0.00585726
71 4 1.0034 -0.00100704
71 5 0.995925 0.000897993
71 6 0.994923 0.00027554
71 7 0.994849 0.000141199
71 8 0.994835 6.76006e-05
71 9 0.994917 7.77813e-06
71 10 0.994955 -3.45333e-06
71 11 0.994955 -3.28656e-06
71 12 0.994955 -3.28656e-06
71 13 0.994955 -3.28656e-06
71 14 0.994955 -3.28656e-06
71 15 0.994955 -3.28656e-06
72 0 -3.9231 -3.94962
72 1 -3.92766 -3.94362
72 2 -3.92979 -3.941
72 3 -3.93883 -3.93248
72 4 -3.93883 -3.93248
72 5 -3.93883 -3.93247
72 6 -3.93883 -3.93247
72 7 -3.93883 -3.93247
72 8 -3.93883 -3.93247
72 9 -3.93883 -3.93247
72 10 -3.93883 -3.93247
72 11 -3.93883 -3.93247
72 12 -3.93883 -3.93247
72 13 -3.93883 -3.93247
72 14 -3.93883 -3.93247
72 15 -3.93883 -3.93247
73 0 -2.97065 3.63868
73 1 -3.00361 4.07623
73 2 -3.00361 4.07623
73 3 -2.98695 3.94891
73 4 -2.97009 3.97341
73 5 -2.97868 3.97055
73 6 -2.98364 3.97405
73 7 -2.98454 3.97844
73 8 -2.98508 3.97976
73 9 -2.98483 3.97979
73 10 -2.98483 3.97979
73 11 -2.98483 3.97979
73 12 -2.98483 3.97979
73 13 -2.98483 3.97979
73 14 -2.98483 3.97979
73 15 -2.98483 3.97979
74 0 4.20393 -2.11502
74 1 4.20352 -2.02048
74 2 4.02182 -2.01465
74 3 3.96418 -1.98559
74 4 3.97883 -1.99264
74 5 3.97995 -1.98979
74 6 3.9798 -1.98992
74 7 3.9798 -1.98992
74 8 3.9798 -1.98993
74 9 3.9798 -1.98993
74 10 3.9798 -1.98993
74 11 3.9798 -1.98993
74 12 3.9798 -1.98993
74 13 3.9798 -1.98993
74 14 3.9798 -1.98993
74 15 3.9798 -1.98993
75 0 -0.996714 -3.82276
75 1 -0.992 -4.0426
75 2 -0.96851 -4.02708
75 3 -0.992306 -4.02292
75 4 -0.992157 -3.99638
75 5 -0.995008 -3.9798
75 6 -0.994979 -3.97979
75 7 -0.994979 -3.97979
75 8 -0.994979 -3.97979
75 9 -0.994979 -3.97979
75 10 -0.994979 -3.97979
75 11 -0.994979 -3.97979
75 12 -0.994979 -3.97979
75 13 -0.994979 -3.97979
75 14 -0.994979 -3.97979
75 15 -0.994979 -3.97979
76 0 -1.07911 -0.987784
76 1 -1.06494 -1.02232
76 2 -1.06494 -1.02232
76 3 -1.0304 -1.05225
76 4 -1.0304 -1.05225
76 5 -1.00042 -1.0552
76 6 -1.00042 -1.0552
76 7 -0.991043 -0.99961
76 8 -0.997533 -0.99608
76 9 -0.994484 -0.99509
76 10 -0.994889 -0.995141
76 11 -0.994956 -0.994991
76 12 -0.994958 -0.994983
76 13 -0.994958 -0.994983
76 14 -0.994958 -0.994983
76 15 -0.994958 -0.994983
77 0 -2.61208 0.0125677
77 1 -3.00586 0.130835
77 2 -3.00586 0.130835
77 3 -2.99611 0.131425
77 4 -2.99611 0.131425
77 5 -2.99611 0.131425
77 6 -2.99611 0.131425
77 7 -2.99611 0.131425
77 8 -2.99611 0.131425
77 9 -2.99611 0.131425
77 10 -2.96472 0.041884
77 11 -3.00163 -0.00768939
77 12 -2.9882 0.00322011
77 13 -2.98771 0.00346987
77 14 -2.98631 0.00310058
77 15 -2.98522 0.00151144
78 0 -2.92689 4.99965
78 1 -2.92474 4.97487
78 2 -2.92474 4.97487
78 3 -2.92474 4.97487
78 4 -2.92474 4.97487
78 5 -2.92474 4.97487
78 6 -2.92474 4.97487
78 7 -2.95354 4.99552
78 8 -2.95502 4.96966
78 9 -2.96068 4.98664
78 10 -2.96681 4.97768
78 11 -2.97432 4.96892
78 12 -2.97618 4.96725
78 13 -2.97736 4.96625
78 14 -2.97773 4.96621
78 15 -2.98502 4.96983
79 0 2.96326 1.98339
79 1 2.96285 1.98713
79 2 2.96285 1.98713
79 3 2.96285 1.98713
79 4 2.96285 1.98713
79 5 2.96285 1.98713
79 6 2.97095 1.99048
79 7 2.98264 1.99606
79 8 2.98296 1.99334
79 9 2.98538 1.99
79 10 2.98481 1.98988
79 11 2.98486 1.98992
79 12 2.98485 1.98992
79 13 2.98485 1.98992
79 14 2.98485 1.98992
79 15 2.98485 1.98992
80 0 -3.66245 1.042
80 1 -3.98529 1.17404
80 2 -3.98529 1.17404
80 3 -3.98529 1.17404
80 4 -3.98529 1.17404
80 5 -3.98529 1.17404
80 6 -3.98529 1.17404
80 7 -3.98529 1.17404
80 8 -4.01089 1.04396
80 9 -3.98595 1.00695
80 10 -3.98016 0.996499
80 11 -3.98048 0.996295
80 12 -3.98053 0.995993
80 13 -3.98076 0.995545
80 14 -3.98076 0.995545
80 15 -3.98076 0.995545
81 0 5.00434 -0.0628632
81 1 4.9656 -0.0412324
81 2 4.9656 -0.0412324
81 3 4.9656 -0.0412324
81 4 4.9656 -0.0412324
81 5 4.9656 -0.0412324
81 6 4.9656 -0.0412324
81 7 4.9656 -0.0412324
81 8 4.9656 -0.0412324
81 9 4.9656 -0.0412324
81 10 4.9656 -0.0412324
81 11 4.9656 -0.0412324
81 12 4.9656 -0.0412324
81 13 4.9656 -0.0412324
81 14 4.9656 -0.0412324
81 15 4.9656 -0.0412324
82 0 4.0153 -4.04599
82 1 3.97557 -4.02752
82 2 3.97557 -4.02752
82 3 3.97744 -4.02758
82 4 3.98055 -3.98619
82 5 3.98034 -3.97985
82 6 3.97975 -3.97978
82 7 3.97978 -3.97979
82 8 3.97978 -3.97979
82 9 3.97978 -3.97979
82 10 3.97978 -3.97979
82 11 3.97978 -3.97979
82 12 3.97978 -3.97979
82 13 3.97978 -3.97979
82 14 3.97978 -3.97979
82 15 3.97978 -3.97979
83 0 3.17357 0.240848
83 1 3.00655 0.313246
83 2 2.87588 0.198095
83 3 2.85774 -0.0458738
83 4 2.97692 -0.037038
83 5 2.98571 0.00847999
83 6 2.98314 0.000305445
83 7 2.98427 0.000229148
83 8 2.98485 -9.0841e-06
83 9 2.98485 -9.0841e-06
83 10 2.98485 -9.0841e-06
83 11 2.98485 -9.0841e-06
83 12 2.98485 -9.0841e-06
83 13 2.98485 -9.0841e-06
83 14 2.98485 -9.0841e-06
83 15 2.98485 -9.0841e-06
84 0 0.498329 3.96506
84 1 -1.25292 4.06304
84 2 -0.981973 4.03951
84 3 -0.987851 4.04018
84 4 -0.987851 4.04018
84 5 -0.987851 4.04018
84 6 -0.987851 4.04018
84 7 -0.987851 4.04018
84 8 -0.987851 4.04018
84 9 -0.987851 4.04018
84 10 -0.987851 4.04018
84 11 -0.987851 4.04018
84 12 -0.987851 4.04018
84 13 -0.987851 4.04018
84 14 -0.987851 4.04018
84 15 -0.987851 4.04018
85 0 2.01993 1.00107
85 1 2 1.01218
85 2 2 1.01218
85 3 2 1.01218
85 4 2 1.01218
85 5 2 1.01218
85 6 2 1.01218
85 7 2 1.01218
85 8 2 1.01218
85 9 2 1.01218
85 10 2 1.01218
85 11 2 1.01218
85 12 2 1.01218
85 13 2 1.01218
85 14 2 1.01218
85 15 2 1.01218
86 0 0.192047 5.19175
86 1 0.0337585 5.2484
86 2 0.767293 5.07834
86 3 -3.033 3.71758
86 4 -3.033 3.71758
86 5 0.833816 3.17759
86 6 0.833816 3.17759
86 7 0.973922 3.18368
86 8 0.973922 3.18368
86 9 0.973922 3.18368
86 10 0.998807 2.91399
86 11 0.970063 2.93691
86 12 2.05832 1.92198
86 13 2.05832 1.92198
86 14 2.00406 1.90957
86 15 2.00406 1.90957
87 0 1.96806 4.01673
87 1 1.97462 4.01901
87 2 1.98688 3.97161
87 3 1.98563 3.97231
87 4 1.98356 3.9751
87 5 1.98356 3.9751
87 6 1.98356 3.9751
87 7 1.98356 3.9751
87 8 1.98356 3.9751
87 9 1.98356 3.9751
87 10 1.98356 3.9751
87 11 1.98356 3.9751
87 12 1.98356 3.9751
87 13 1.98356 3.9751
87 14 1.98356 3.9751
87 15 1.98356 3.9751
88 0 0.941027 -2.84025
88 1 0.927026 -2.97374
88 2 0.978764 -2.9865
88 3 0.988624 -2.9945
88 4 0.988624 -2.9945
88 5 0.988624 -2.9945
88 6 0.988624 -2.9945
88 7 0.988624 -2.9945
88 8 0.988624 -2.9945
88 9 0.988624 -2.9945
88 10 0.988624 -2.9945
88 11 0.988624 -2.9945
88 12 0.988624 -2.9945
88 13 0.988624 -2.9945
88 14 0.988624 -2.9945
88 15 0.988624 -2.9945
89 0 -0.941141 -1.94929
89 1 -0.968441 -1.98786
89 2 -0.984892 -1.97079
89 3 -0.984892 -1.97079
89 4 -0.984892 -1.97079
89 5 -0.984892 -1.97079
89 6 -0.984892 -1.97079
89 7 -0.984892 -1.97079
89 8 -0.984892 -1.97079
89 9 -0.984892 -1.97079
89 10 -0.984892 -1.97079
89 11 -0.984892 -1.97079
89 12 -0.984892 -1.97079
89 13 -0.984892 -1.97079
89 14 -0.984892 -1.97079
89 15 -0.984892 -1.97079
90 0 -3.94484 0.0332011
90 1 -3.94352 0.0031066
90 2 -3.94352 0.0031066
90 3 -3.94352 0.00310642
90 4 -3.94352 0.00310642
90 5 -3.97954 -0.00188344
90 6 -3.97976 -9.69638e-05
90 7 -3.9798 -1.8977e-06
90 8 -3.97979 -1.56149e-06
90 9 -3.97979 -6.41772e-07
90 10 -3.97979 -6.34777e-07
90 11 -3.97979 -6.33705e-07
90 12 -3.97979 -6.33168e-07
90 13 -3.97979 -6.329e-07
90 14 -3.97979 -6.32833e-07
90 15 -3.97979 -6.32799e-07
91 0 -2.00395 -1.96284
91 1 -1.99293 -1.96066
91 2 -1.98724 -1.98031
91 3 -1.98315 -1.98476
91 4 -1.98315 -1.98476
91 5 -1.98315 -1.98476
91 6 -1.98315 -1.98476
91 7 -1.98315 -1.98476
91 8 -1.98315 -1.98476
91 9 -1.9832 -1.98879
91 10 -1.98329 -1.98972
91 11 -1.98352 -1.98999
91 12 -1.98607 -1.99272
91 13 -1.98648 -1.99312
91 14 -1.98665 -1.99328
91 15 -1.98667 -1.99329
92 0 2.0058 5.16082
92 1 1.94545 5.13445
92 2 2.01137 4.98468
92 3 2.01137 4.98468
92 4 2.01137 4.98468
92 5 2.01137 4.98468
92 6 2.01137 4.98468
92 7 2.01137 4.98468
92 8 2.01137 4.98468
92 9 2.01137 4.98468
92 10 1.99642 4.96611
92 11 1.99747 4.96808
92 12 1.99697 4.97063
92 13 1.98842 4.97425
92 14 1.9898 4.97443
92 15 1.98992 4.9747
93 0 3.9225 -2.42613
93 1 3.93029 -1.13553
93 2 3.94187 -1.13882
93 3 3.94187 -1.13882
93 4 3.94087 -1.00862
93 5 3.94087 -1.00862
93 6 3.94087 -1.00862
93 7 3.94087 -1.00862
93 8 3.95156 -0.995034
93 9 3.96318 -0.982924
93 10 3.9651 -0.981029
93 11 3.96549 -0.980644
93 12 3.96545 -0.980682
93 13 3.96533 -0.980807
93 14 3.96522 -0.980939
93 15 3.9646 -0.982089
94 0 -4.01176 4.54645
94 1 -4.008 5.17596
94 2 -3.99666 4.97554
94 3 -3.98117 4.97119
94 4 -3.97977 4.97498
94 5 -3.97988 4.97473
94 6 -3.97987 4.97473
94 7 -3.9798 4.97469
94 8 -3.97979 4.97469
94 9 -3.97979 4.97469
94 10 -3.97979 4.97469
94 11 -3.97979 4.97469
94 12 -3.97979 4.97469
94 13 -3.97979 4.97469
94 14 -3.97979 4.97469
94 15 -3.97979 4.97469
95 0 0.754384 -3.08415
95 1 0.740497 -3.0228
95 2 0.740497 -3.0228
95 3 0.989261 -2.97161
95 4 0.989261 -2.97161
95 5 0.990698 -2.98385
95 6 0.995487 -2.9833
95 7 0.994925 -2.9849
95 8 0.994943 -2.98488
95 9 0.994953 -2.98487
95 10 0.994954 -2.98487
95 11 0.994954 -2.98487
95 12 0.994954 -2.98487
95 13 0.994954 -2.98487
95 14 0.994954 -2.98487
95 15 0.994954 -2.98487
96 0 3.96236 -1.03887
96 1 3.96071 -0.996125
96 2 3.96071 -0.996125
96 3 3.97431 -0.990325
96 4 3.97775 -0.992072
96 5 3.97916 -0.995251
96 6 3.97993 -0.994926
96 7 3.9798 -0.995013
96 8 3.97981 -0.995005
96 9 3.97981 -0.99499
96 10 3.9798 -0.994965
96 11 3.9798 -0.994965
96 12 3.9798 -0.994965
96 13 3.9798 -0.994965
96 14 3.9798 -0.994965
96 15 3.9798 -0.994965
97 0 2.0162 2.76455
97 1 2.01773 2.98436
97 2 2.01773 2.98436
97 3 1.99222 2.9812
97 4 1.98997 2.98582
97 5 1.99003 2.98484
97 6 1.9899 2.98485
97 7 1.9899 2.98485
97 8 1.9899 2.98485
97 9 1.9899 2.98485
97 10 1.9899 2.98485
97 11 1.9899 2.98485
97 12 1.9899 2.98485
97 13 1.9899 2.98485
97 14 1.9899 2.98485
97 15 1.9899 2.98485
98 0 -2.95424 -2.9868
98 1 -2.95439 -2.98376
98 2 -2.95455 -2.9862
98 3 -2.97314 -2.96711
98 4 -2.98904 -2.97202
98 5 -2.98663 -2.97917
98 6 -2.98371 -2.98439
98 7 -2.98499 -2.98489
98 8 -2.98487 -2.98481
98 9 -2.98488 -2.98483
98 10 -2.98488 -2.98483
98 11 -2.98488 -2.98483
98 12 -2.98488 -2.98483
98 13 -2.98488 -2.98483
98 14 -2.98488 -2.98483
98 15 -2.98488 -2.98483
99 0 -1.16299 -3.91866
99 1 -1.0423 -3.90955
99 2 -0.981031 -3.97009
99 3 -0.99595 -3.98117
99 4 -0.994754 -3.97989
99 5 -0.994797 -3.97994
99 6 -0.994806 -3.97994
99 7 -0.994806 -3.97994
99 8 -0.994806 -3.97994
99 9 -0.994806 -3.97994
99 10 -0.994806 -3.97994
99 11 -0.994806 -3.97994
99 12 -0.994806 -3.97994
99 13 -0.994806 -3.97994
99 14 -0.994806 -3.97994
99 15 -0.994806 -3.97994
100 0 3.04518 -0.0218158
100 1 2.99802 -0.04654
100 2 2.98932 0.00289019
100 3 2.98932 0.00289009
100 4 2.98981 0.00141518
100 5 2.98981 0.00141518
100 6 2.98981 0.00141518
100 7 2.98981 0.00141518
100 8 2.98981 0.00141518
100 9 2.98981 0.00141518
100 10 2.98981 0.00141518
100 11 2.98981 0.00141518
100 12 2.98981 0.00141518
100 13 2.98981 0.00141518
100 14 2.98981 0.00141518
100 15 2.98981 0.00141518
101 0 -3.83732 -1.06681
101 1 -3.99343 -1.05453
101 2 -3.9884 -0.993938
101 3 -3.9828 -0.999405
101 4 -3.9828 -0.999406
101 5 -3.9828 -0.999408
101 6 -3.9828 -0.999408
101 7 -3.9828 -0.999408
101 8 -3.98273 -0.99631
101 9 -3.98263 -0.994938
101 10 -3.98249 -0.994943
101 11 -3.97979 -0.995057
101 12 -3.97978 -0.99496
101 13 -3.97978 -0.994959
101 14 -3.97978 -0.994959
101 15 -3.97978 -0.994959
102 0 -1.07597 3.91892
102 1 -0.992738 3.95393
102 2 -1.0033 3.97282
102 3 -1.0033 3.97282
102 4 -1.0033 3.97282
102 5 -1.0033 3.97282
102 6 -1.0033 3.97282
102 7 -1.0033 3.97282
102 8 -1.0033 3.97282
102 9 -1.0033 3.97282
102 10 -1.0033 3.97282
102 11 -1.0033 3.97282
102 12 -1.0033 3.97282
102 13 -1.0033 3.97282
102 14 -1.0033 3.97282
102 15 -1.0033 3.97282
103 0 -4.98532 -5.03508
103 1 -4.92943 -4.03799
103 2 -4.92931 -3.99197
103 3 -4.96517 -3.9639
103 4 -4.96517 -3.9639
103 5 -4.96517 -3.9639
103 6 -4.95956 -3.97467
103 7 -4.95975 -3.98111
103 8 -4.95975 -3.98111
103 9 -4.96653 -3.98018
103 10 -4.97462 -3.97887
103 11 -4.97471 -3.97971
103 12 -4.9747 -3.97978
103 13 -4.9747 -3.97978
103 14 -4.9747 -3.97978
103 15 -4.9747 -3.97978
104 0 -0.953659 3.99234
104 1 -0.976795 3.972
104 2 -0.976795 3.972
104 3 -0.976795 3.972
104 4 -0.976795 3.972
104 5 -0.989983 3.99062
104 6 -0.989927 3.97712
104 7 -0.992104 3.97973
104 8 -0.994063 3.97965
104 9 -0.994956 3.97974
104 10 -0.994957 3.97975
104 11 -0.994957 3.97975
104 12 -0.994957 3.97975
104 13 -0.994957 3.97975
104 14 -0.994957 3.97975
104 15 -0.994957 3.97975
105 0 5.00686 -3.92112
105 1 5.00686 -3.92112
105 2 5.00686 -3.92112
105 3 5.00686 -3.92112
105 4 5.00686 -3.92112
105 5 5.00686 -3.92112
105 6 5.00686 -3.92112
105 7 5.00686 -3.92112
105 8 4.97233 -3.9264
105 9 4.9679 -3.98674
105 10 4.9752 -3.97967
105 11 4.97489 -3.97999
105 12 4.97489 -3.97998
105 13 4.97489 -3.97998
105 14 4.97489 -3.97998
105 15 4.97489 -3.97998
106 0 0.819057 -1.84505
106 1 0.818403 -1.95507
106 2 0.849098 -2.01982
106 3 0.9308 -2.02236
106 4 1.01196 -1.99484
106 5 0.997556 -1.99719
106 6 0.995135 -1.99186
106 7 0.994668 -1.9901
106 8 0.994983 -1.98991
106 9 0.994965 -1.98992
106 10 0.994967 -1.98992
106 11 0.994967 -1.98992
106 12 0.994966 -1.98992
106 13 0.994966 -1.98992
106 14 0.994966 -1.98992
106 15 0.994966 -1.98992
107 0 0.793883 -3.067
107 1 0.896559 -3.12047
107 2 0.896559 -3.12047
107 3 0.896559 -3.12047
107 4 0.896559 -3.12047
107 5 0.990506 -3.02549
107 6 1.0005 -3.02312
107 7 0.992949 -3.01001
107 8 0.991179 -2.99021
107 9 0.99428 -2.985
107 10 0.994653 -2.98469
107 11 0.994752 -2.98461
107 12 0.994752 -2.98461
107 13 0.995007 -2.9848
107 14 0.994958 -2.98484
107 15 0.994953 -2.98485
108 0 3.08205 3.10942
108 1 3.08205 3.10942
108 2 3.08205 3.10942
108 3 3.06915 2.92677
108 4 2.98647 3.01008
108 5 2.98647 3.01008
108 6 2.98647 3.01008
108 7 2.9856 2.99054
108 8 2.98557 2.99054
108 9 2.98473 2.98611
108 10 2.98457 2.98492
108 11 2.98481 2.98486
108 12 2.98483 2.98485
108 13 2.98483 2.98485
108 14 2.98483 2.98485
108 15 2.98483 2.98485
109 0 3.92666 -0.00845822
109 1 3.94757 -0.0288697
109 2 3.94757 -0.0288697
109 3 3.94836 -0.0296977
109 4 3.94994 -0.0311711
109 5 3.94994 -0.0311739
109 6 3.94994 -0.0311739
109 7 3.9532 -0.0338283
109 8 3.9532 -0.0338283
109 9 3.9532 -0.0338283
109 10 3.9532 -0.0338283
109 11 3.9532 -0.0338283
109 12 3.9532 -0.0338283
109 13 3.9532 -0.0338283
109 14 3.9532 -0.0338295
109 15 3.9532 -0.0338295
110 0 1.97669 -1.93523
110 1 1.98149 -1.93439
110 2 2.00269 -1.99789
110 3 2.00269 -1.99789
110 4 2.00269 -1.99789
110 5 2.00269 -1.99789
110 6 2.00269 -1.99789
110 7 2.00269 -1.99789
110 8 2.00269 -1.99789
110 9 2.00269 -1.99789
110 10 2.00269 -1.99789
110 11 2.00269 -1.99789
110 12 2.00269 -1.99789
110 13 2.00269 -1.99789
110 14 2.00269 -1.99789
110 15 2.00269 -1.99789
111 0 4.67707 -5.03612
111 1 4.96334 -5.18517
111 2 4.96334 -5.18517
111 3 4.96334 -5.18517
111 4 4.98047 -5.02791
111 5 4.98019 -4.95808
111 6 4.97022 -4.97446
111 7 4.973 -4.97319
111 8 4.97409 -4.9733
111 9 4.97465 -4.97412
111 10 4.97472 -4.97457
111 11 4.9747 -4.97469
111 12 4.9747 -4.97469
111 13 4.9747 -4.97469
111 14 4.9747 -4.97469
111 15 4.9747 -4.97469
112 0 -4.93836 1.95576
112 1 -4.9746 1.96527
112 2 -4.97131 1.99474
112 3 -4.97132 1.99474
112 4 -4.97132 1.99474
112 5 -4.97132 1.99474
112 6 -4.97015 1.99215
112 7 -4.97015 1.99215
112 8 -4.97015 1.99215
112 9 -4.97015 1.99215
112 10 -4.97023 1.98973
112 11 -4.97037 1.99037
112 12 -4.97078 1.98991
112 13 -4.97247 1.98811
112 14 -4.9726 1.98798
112 15 -4.97277 1.98784
113 0 -1.04023 0.105258
113 1 -1.04023 0.105258
113 2 -1.0122 0.0251683
113 3 -1.00634 0.00186414
113 4 -1.0011 -0.00316508
113 5 -0.999185 -0.00480538
113 6 -0.999185 -0.00480538
113 7 -0.999185 -0.00480538
113 8 -0.999185 -0.00480538
113 9 -0.999185 -0.00480538
113 10 -0.999185 -0.00480538
113 11 -0.999185 -0.00480538
113 12 -0.999185 -0.00480538
113 13 -0.999185 -0.00480538
113 14 -0.999185 -0.00480538
113 15 -0.999184 -0.00480605
114 0 2.89452 -3.97865
114 1 2.91693 -4.01446
114 2 2.93918 -4.03198
114 3 2.9394 -4.03216
114 4 2.9394 -4.03216
114 5 2.9394 -4.03216
114 6 2.9394 -4.03216
114 7 2.9394 -4.03216
114 8 2.9394 -4.03216
114 9 2.9394 -4.03216
114 10 2.9394 -4.03216
114 11 2.9394 -4.03216
114 12 2.9394 -4.03216
114 13 2.9394 -4.03216
114 14 2.9394 -4.03216
114 15 2.9394 -4.03216
115 0 3.89396 0.150415
115 1 3.89396 0.150415
115 2 3.96495 0.150217
115 3 3.96495 0.150217
115 4 3.95826 0.0354661
115 5 3.9788 -0.00862296
115 6 3.9794 -0.000189132
115 7 3.97986 -1.26442e-06
115 8 3.97986 -1.29471e-06
115 9 3.97986 -1.30353e-06
115 10 3.97986 -1.30353e-06
115 11 3.97986 -1.30353e-06
115 12 3.97986 -1.30353e-06
115 13 3.97986 -1.30353e-06
115 14 3.97986 -1.30353e-06
115 15 3.97986 -1.30353e-06
116 0 2.9552 -2.01756
116 1 2.96612 -1.98474
116 2 2.98109 -1.99971
116 3 2.98109 -1.99971
116 4 2.98109 -1.99971
116 5 2.98109 -1.99971
116 6 2.98109 -1.99971
116 7 2.98109 -1.99971
116 8 2.98109 -1.99971
116 9 2.98109 -1.99971
116 10 2.98109 -1.99971
116 11 2.98109 -1.99971
116 12 2.98109 -1.99971
116 13 2.98109 -1.99971
116 14 2.98109 -1.99971
116 15 2.98109 -1.99971
117 0 -4.01463 -3.03827
117 1 -3.98686 -2.99931
117 2 -3.98686 -2.99931
117 3 -3.98686 -2.99931
117 4 -3.98686 -2.99931
117 5 -3.98686 -2.99931
117 6 -3.98686 -2.99931
117 7 -3.98686 -2.99931
117 8 -3.98686 -2.99931
117 9 -3.98686 -2.99931
117 10 -3.98686 -2.99931
117 11 -3.98686 -2.99931
117 12 -3.98686 -2.99931
117 13 -3.98686 -2.99931
117 14 -3.98686 -2.99931
117 15 -3.98686 -2.99931
118 0 -3.96904 1.99049
118 1 -3.96908 1.98959
118 2 -3.96916 1.99084
118 3 -3.97442 1.99528
118 4 -3.97939 1.99375
118 5 -3.98022 1.99098
118 6 -3.98026 1.99006
118 7 -3.97981 1.98991
118 8 -3.97979 1.98991
118 9 -3.97978 1.98991
118 10 -3.97978 1.98991
118 11 -3.97978 1.98991
118 12 -3.97978 1.98991
118 13 -3.97978 1.98991
118 14 -3.97978 1.98991
118 15 -3.97978 1.98991
119 0 0.0419485 -1.04209
119 1 0.0332313 -1.00155
119 2 0.00262605 -1.01757
119 3 0.00661016 -0.994975
119 4 0.00661021 -0.994975
119 5 2.64407e-05 -0.996625
119 6 6.81668e-05 -0.995149
119 7 9.619e-06 -0.994959
119 8 -1.37429e-06 -0.994959
119 9 -1.33126e-06 -0.994959
119 10 -1.31943e-06 -0.994959
119 11 -1.31784e-06 -0.994959
119 12 -1.31705e-06 -0.994959
119 13 -1.31695e-06 -0.994959
119 14 -1.3169e-06 -0.994959
119 15 -1.31687e-06 -0.994959
120 0 2.88265 -2.21462
120 1 3.00585 -2.21617
120 2 2.97376 -1.98309
120 3 2.98739 -1.99102
120 4 2.98501 -1.98943
120 5 2.98494 -1.98978
120 6 2.98485 -1.9899
120 7 2.98485 -1.98991
120 8 2.98485 -1.98991
120 9 2.98485 -1.98991
120 10 2.98485 -1.98991
120 11 2.98485 -1.98991
120 12 2.98485 -1.98991
120 13 2.98485 -1.98991
120 14 2.98485 -1.98991
120 15 2.98485 -1.98991
121 0 1.02918 -2.0002
121 1 1.02136 -1.98163
121 2 1.01858 -1.99447
121 3 -0.0165289 -0.954619
121 4 0.00372534 -0.983342
121 5 0.00372475 -0.983341
121 6 0.00372475 -0.983341
121 7 0.00372475 -0.983341
121 8 0.00372475 -0.983341
121 9 0.00372475 -0.983341
121 10 0.00372475 -0.983341
121 11 0.00372475 -0.983341
121 12 0.00372475 -0.983341
121 13 0.00372475 -0.983341
121 14 0.00372475 -0.983341
121 15 0.00372475 -0.983341
122 0 -0.0151783 3.01013
122 1 -0.0160364 2.99061
122 2 0.00660909 2.9885
122 3 -0.00127287 2.9872
122 4 -9.6188e-05 2.98557
122 5 4.04131e-05 2.98494
122 6 4.47726e-06 2.98486
122 7 4.45024e-06 2.98486
122 8 4.44724e-06 2.98486
122 9 4.44705e-06 2.98486
122 10 4.44696e-06 2.98486
122 11 4.44691e-06 2.98486
122 12 4.44689e-06 2.98486
122 13 4.44687e-06 2.98486
122 14 4.44687e-06 2.98486
122 15 4.44687e-06 2.98486
123 0 -0.0479587 -4.15875
123 1 -0.0479587 -4.15875
123 2 -0.0479587 -4.15875
123 3 -0.0479587 -4.15875
123 4 -0.0479587 -4.15875
123 5 -0.0479587 -4.15875
123 6 -0.0479587 -4.15875
123 7 -0.0479587 -4.15875
123 8 -0.0479587 -4.15875
123 9 -0.0479587 -4.15875
123 10 -0.0479587 -4.15875
123 11 -0.0479587 -4.15875
123 12 -0.0479587 -4.15875
123 13 -0.0479587 -4.15875
123 14 -0.0479587 -4.15875
123 15 -0.0479587 -4.15875
124 0 4.95533 -4.99419
124 1 4.96902 -4.9782
124 2 4.96997 -4.9791
124 3 4.97006 -4.97919
124 4 4.9701 -4.97923
124 5 4.97019 -4.97932
124 6 4.97019 -4.97932
124 7 4.97019 -4.97932
124 8 4.97019 -4.97932
124 9 4.97019 -4.97932
124 10 4.97019 -4.97932
124 11 4.97019 -4.97932
124 12 4.97019 -4.97932
124 13 4.97019 -4.97932
124 14 4.97019 -4.97932
124 15 4.97019 -4.97932
125 0 2.80545 -0.196509
125 1 2.83382 -0.219206
125 2 2.83382 -0.219206
125 3 2.828 -0.0491961
125 4 2.828 -0.0491961
125 5 2.1068 2.07349
125 6 2.1068 2.07349
125 7 2.10421 1.9976
125 8 2.02805 2.06177
125 9 2.02805 2.06177
125 10 2.02805 2.06177
125 11 2.02805 2.06177
125 12 2.02805 2.06177
125 13 2.02805 2.06177
125 14 2.02805 2.06177
125 15 2.02805 2.06177
126 0 0.0195316 -4.90655
126 1 -0.0217963 -4.95625
126 2 0.00348985 -4.97886
126 3 -0.00065118 -4.97601
126 4 -0.00065118 -4.97601
126 5 -0.00065118 -4.97601
126 6 -0.00065118 -4.97601
126 7 -0.00065118 -4.97601
126 8 -0.00065118 -4.97601
126 9 -0.00065118 -4.97601
126 10 -0.00065118 -4.97601
126 11 -0.00065118 -4.97601
126 12 -0.00065118 -4.97601
126 13 -0.00065118 -4.97601
126 14 -0.00065118 -4.97601
126 15 -0.00065118 -4.97601
127 0 -1.94089 -3.98643
127 1 -1.96092 -4.00447
127 2 -1.96092 -4.00447
127 3 -1.96424 -3.97744
127 4 -1.96422 -3.97906
127 5 -1.96422 -3.97906
127 6 -1.96422 -3.97906
127 7 -1.96422 -3.97906
127 8 -1.96422 -3.97906
127 9 -1.96422 -3.97906
127 10 -1.96484 -3.97981
127 11 -1.97507 -3.99049
127 12 -1.97687 -3.99227
127 13 -1.97719 -3.9926
127 14 -1.97717 -3.99257
127 15 -1.97711 -3.99251
128 0 4.29845 -1.95322
128 1 4.19812 -1.8431
128 2 3.89698 -1.83531
128 3 3.94464 -1.99055
128 4 3.97549 -1.98901
128 5 3.97987 -1.98981
128 6 3.97978 -1.98992
128 7 3.97978 -1.98992
128 8 3.97978 -1.98992
128 9 3.97978 -1.98992
128 10 3.97978 -1.98992
128 11 3.97978 -1.98992
128 12 3.97978 -1.98992
128 13 3.97978 -1.98992
128 14 3.97978 -1.98992
128 15 3.97978 -1.98992
129 0 3.17377 2.83819
129 1 3.17377 2.83819
129 2 3.17377 2.83819
129 3 3.17377 2.83819
129 4 3.17377 2.83819
129 5 3.17377 2.83819
129 6 3.17377 2.83819
129 7 3.17377 2.83819
129 8 3.17377 2.83819
129 9 3.17377 2.83819
129 10 3.17377 2.83819
129 11 3.17377 2.83819
129 12 3.17377 2.83819
129 13 3.17377 2.83819
129 14 3.17377 2.83819
129 15 3.17377 2.83819
130 0 -1.10796 4.90897
130 1 -1.10796 4.90897
130 2 -1.10796 4.90897
130 3 -1.02364 4.99511
130 4 -1.0053 4.98555
130 5 -1.00016 4.98092
130 6 -0.996415 4.97691
130 7 -0.995226 4.97528
130 8 -0.994968 4.97478
130 9 -0.994965 4.97471
130 10 -0.994963 4.9747
130 11 -0.99496 4.97469
130 12 -0.994958 4.97469
130 13 -0.994958 4.97469
130 14 -0.994958 4.97469
130 15 -0.994958 4.97469
131 0 -3.0745 -1.93865
131 1 -3.02192 -1.90594
131 2 -3.03343 -1.9665
131 3 -3.03343 -1.9665
131 4 -2.96924 -1.98566
131 5 -2.98462 -1.98283
131 6 -2.98514 -1.98364
131 7 -2.9881 -1.98779
131 8 -2.98774 -1.9879
131 9 -2.98544 -1.98954
131 10 -2.98493 -1.98992
131 11 -2.98486 -1.98995
131 12 -2.98485 -1.98995
131 13 -2.98485 -1.98995
131 14 -2.98485 -1.98995
131 15 -2.98485 -1.98995
132 0 4.56876 -2.94787
132 1 4.6407 -2.8737
132 2 4.0217 -3.67718
132 3 4.0217 -3.67718
132 4 4.03958 -4.05646
132 5 4.03958 -4.05646
132 6 4.03958 -4.05646
132 7 4.02587 -3.94398
132 8 4.02587 -3.94398
132 9 4.02587 -3.94398
132 10 4.02184 -3.97929
132 11 4.01907 -3.98022
132 12 3.98371 -3.99414
132 13 3.98287 -3.9856
132 14 3.97901 -3.97993
132 15 3.97985 -3.97973
133 0 -2.90021 -0.000589221
133 1 -2.91991 0.0286997
133 2 -2.92017 -0.00151216
133 3 -2.95522 0.0353059
133 4 -2.97156 0.0401577
133 5 -2.99133 0.0370501
133 6 -2.98549 0.0269012
133 7 -2.9821 0.0058838
133 8 -2.98453 0.000248966
133 9 -2.98481 -1.79251e-05
133 10 -2.98481 -1.79251e-05
133 11 -2.98481 -1.79251e-05
133 12 -2.98481 -1.79251e-05
133 13 -2.98481 -1.79251e-05
133 14 -2.98481 -1.79251e-05
133 15 -2.98481 -1.79251e-05
134 0 4.00594 -0.951428
134 1 4.01362 -1.0041
134 2 4.01362 -1.0041
134 3 4.01362 -1.0041
134 4 4.01362 -1.0041
134 5 3.98026 -0.998697
134 6 3.9799 -0.995811
134 7 3.97968 -0.994966
134 8 3.97971 -0.994964
134 9 3.97971 -0.994964
134 10 3.97971 -0.994964
134 11 3.97971 -0.994964
134 12 3.97971 -0.994964
134 13 3.97971 -0.994964
134 14 3.97971 -0.994964
134 15 3.97971 -0.994964
135 0 5.87686 -3.87968
135 1 5.87686 -3.87968
135 2 0.625366 -5.24074
135 3 0.625366 -5.24074
135 4 0.936207 -5.24069
135 5 0.905917 -5.04493
135 6 0.965626 -4.97581
135 7 0.983073 -4.96418
135 8 0.987251 -4.96286
135 9 0.993313 -4.96671
135 10 0.994346 -4.97194
135 11 0.995418 -4.97466
135 12 0.994891 -4.9747
135 13 0.994958 -4.97469
135 14 0.994958 -4.97469
135 15 0.994959 -4.97469
136 0 3.9609 4.95875
136 1 3.95777 4.96816
136 2 3.95777 4.96816
136 3 3.95777 4.96816
136 4 3.97416 4.97787
136 5 3.97695 4.97808
136 6 3.97985 4.9747
136 7 3.97978 4.97468
136 8 3.97978 4.97469
136 9 3.97978 4.97469
136 10 3.97978 4.97469
136 11 3.97978 4.97469
136 12 3.97978 4.97469
136 13 3.97978 4.97469
136 14 3.97978 4.97469
136 15 3.97978 4.97469
137 0 -2.88463 2.92695
137 1 -2.96307 2.94018
137 2 -2.96307 2.94018
137 3 -2.96307 2.94018
137 4 -2.96307 2.94018
137 5 -2.96307 2.94018
137 6 -2.96307 2.94018
137 7 -2.96307 2.94018
137 8 -2.96307 2.94018
137 9 -2.96307 2.94018
137 10 -2.96307 2.94018
137 11 -2.96307 2.94018
137 12 -2.96307 2.94018
137 13 -2.96307 2.94018
137 14 -2.96307 2.94018
137 15 -2.96307 2.94018
138 0 4.99892 -0.0479625
138 1 4.99999 -0.00794906
138 2 4.12497 0.0336632
138 3 4.12497 0.0336632
138 4 4.12497 0.0336632
138 5 4.00713 -0.0170138
138 6 3.98515 -0.00768203
138 7 3.98291 -0.000853062
138 8 3.97922 -0.00113471
138 9 3.9798 2.68281e-05
138 10 3.97979 2.08937e-05
138 11 3.97979 2.08778e-05
138 12 3.97979 2.08773e-05
138 13 3.97979 2.0877e-05
138 14 3.97979 2.0877e-05
138 15 3.97979 2.0877e-05
139 0 -4.04007 2.8705
139 1 -1.76466 2.08958
139 2 -0.672468 0.905909
139 3 -0.672468 0.905909
139 4 -0.672468 0.905909
139 5 -0.672468 0.905909
139 6 -0.672468 0.905909
139 7 -1.05183 0.905377
139 8 -0.945515 0.94105
139 9 -0.987733 0.987957
139 10 -0.993834 0.992888
139 11 -0.995415 0.995326
139 12 -0.995415 0.995327
139 13 -0.995415 0.995327
139 14 -0.995415 0.995327
139 15 -0.995415 0.995327
140 0 -0.613576 0.119234
140 1 -0.584958 -0.0117552
140 2 -0.584958 -0.0117552
140 3 -0.584569 -0.00365309
140 4 0.3382 0.0477671
140 5 -0.0601671 -0.000365389
140 6 -0.00236993 0.00875226
140 7 -0.00021441 0.00245152
140 8 0.000519341 0.000132065
140 9 0.000102713 -7.43185e-05
140 10 4.5694e-05 -7.49137e-05
140 11 -2.24573e-07 -2.54239e-05
140 12 -2.24573e-07 -2.54239e-05
140 13 -2.24573e-07 -2.54239e-05
140 14 -2.24573e-07 -2.54239e-05
140 15 -2.24573e-07 -2.54239e-05
141 0 2.00483 3.95199
141 1 1.98934 3.99152
141 2 1.98655 3.99071
141 3 1.99396 3.97761
141 4 1.99396 3.97761
141 5 1.99396 3.97761
141 6 1.99343 3.98091
141 7 1.99318 3.97889
141 8 1.99313 3.98001
141 9 1.99255 3.97979
141 10 1.99024 3.97874
141 11 1.9902 3.97925
141 12 1.98985 3.97978
141 13 1.98992 3.97979
141 14 1.98992 3.97979
141 15 1.98991 3.97978
142 0 -4.80822 -2.76798
142 1 -4.80822 -2.76798
142 2 -4.99193 -2.7987
142 3 -4.94106 -2.97879
142 4 -4.94106 -2.97879
142 5 -4.94106 -2.97879
142 6 -4.94106 -2.97879
142 7 -4.81761 -2.01617
142 8 -4.8935 -1.0743
142 9 -4.89137 -1.00469
142 10 -4.89137 -1.00469
142 11 -4.89137 -1.00469
142 12 -4.89137 -1.00469
142 13 -4.89137 -1.00469
142 14 -4.89137 -1.00469
142 15 -4.89137 -1.00469
143 0 -1.81847 -0.00900803
143 1 -1.86027 0.0641851
143 2 -1.8853 0.0937833
143 3 -1.91089 0.111546
143 4 -1.91089 0.111546
143 5 -1.91089 0.111546
143 6 -1.91089 0.111546
143 7 -1.91089 0.111546
143 8 -1.91089 0.111546
143 9 -1.91089 0.111546
143 10 -1.91089 0.111546
143 11 -1.91089 0.111546
143 12 -1.91089 0.111546
143 13 -1.91089 0.111546
143 14 -1.91089 0.111546
143 15 -1.91089 0.111546
144 0 -4.20562 -2.6904
144 1 -4.21942 -3.08953
144 2 -4.21942 -3.08953
144 3 -4.21942 -3.08953
144 4 -4.21942 -3.08953
144 5 -4.21942 -3.08953
144 6 -4.0696 -2.94188
144 7 -4.0696 -2.94188
144 8 -4.0696 -2.94188
144 9 -4.02587 -2.95886
144 10 -3.98268 -2.97469
144 11 -3.98268 -2.97469
144 12 -3.98268 -2.97469
144 13 -3.98268 -2.97469
144 14 -3.98075 -2.97481
144 15 -3.98075 -2.97481
145 0 2.93125 4.006
145 1 2.93125 4.006
145 2 2.93125 4.006
145 3 3.00262 3.99056
145 4 3.00262 3.99056
145 5 3.00262 3.99056
145 6 3.00262 3.99056
145 7 3.00097 3.99246
145 8 2.99811 3.99495
145 9 2.99811 3.99495
145 10 2.99811 3.99495
145 11 2.99811 3.99495
145 12 2.99811 3.99495
145 13 2.99811 3.99495
145 14 2.99811 3.99495
145 15 2.9979 3.99513
146 0 -1.86112 0.178592
146 1 -1.99352 0.191386
146 2 -1.88123 0.0289007
146 3 -1.88123 0.0289007
146 4 -1.88123 0.0289007
146 5 -1.88123 0.0289007
146 6 -1.88123 0.0289007
146 7 -1.88123 0.0289007
146 8 -1.88123 0.0289007
146 9 -1.88123 0.0289007
146 10 -1.88123 0.0289007
146 11 -1.88123 0.0289007
146 12 -1.88123 0.0289007
146 13 -1.88123 0.0289007
146 14 -1.88123 0.0289007
146 15 -1.88123 0.0289007
147 0 -4.97843 0.982762
147 1 -4.97843 0.982762
147 2 -4.97843 0.982762
147 3 -4.97843 0.982762
147 4 -4.97843 0.982762
147 5 -4.97843 0.982762
147 6 -4.97843 0.982762
147 7 -4.97412 0.983331
147 8 -4.97405 0.993103
147 9 -4.97467 0.994962
147 10 -4.97469 0.994958
147 11 -4.97469 0.994959
147 12 -4.97469 0.994959
147 13 -4.97469 0.994959
147 14 -4.97469 0.994959
147 15 -4.97469 0.994959
148 0 2.99658 -4.01691
148 1 2.9947 -4.01737
148 2 2.97735 -3.96853
148 3 2.97735 -3.96853
148 4 2.97735 -3.96853
148 5 2.97836 -3.98453
148 6 2.9784 -3.97901
148 7 2.97838 -3.9792
148 8 2.97837 -3.97972
148 9 2.97899 -3.97978
148 10 2.98481 -3.98031
148 11 2.98486 -3.9798
148 12 2.98486 -3.97978
148 13 2.98486 -3.97978
148 14 2.98486 -3.97978
148 15 2.98486 -3.97978
149 0 -1.7233 -0.860648
149 1 -1.7233 -0.860648
149 2 -2.03133 -1.05535
149 3 -2.03815 -1.04887
149 4 -2.04432 -1.04219
149 5 -2.04432 -1.04219
149 6 -2.04432 -1.04219
149 7 -2.04432 -1.04219
149 8 -2.04432 -1.04219
149 9 -2.04432 -1.04219
149 10 -2.04432 -1.04219
149 11 -2.04432 -1.04219
149 12 -2.04432 -1.04219
149 13 -2.04432 -1.04219
149 14 -2.04432 -1.04219
149 15 -2.04432 -1.04219
150 0 -4.57322 -3.85202
150 1 -4.88703 -3.81308
150 2 -4.9056 -3.94388
150 3 -4.96211 -3.93126
150 4 -4.98071 -3.98535
150 5 -4.97415 -3.97953
150 6 -4.97455 -3.97994
150 7 -4.97454 -3.97993
150 8 -4.97454 -3.97993
150 9 -4.97454 -3.97993
150 10 -4.97454 -3.97993
150 11 -4.97454 -3.97993
150 12 -4.97454 -3.97993
150 13 -4.97454 -3.97993
150 14 -4.97454 -3.97993
150 15 -4.97454 -3.97993
151 0 -4.15999 -0.178603
151 1 -3.97335 -0.230858
151 2 -4.0349 -0.20348
151 3 -4.06445 -0.0663163
151 4 -4.07282 -0.0507798
151 5 -4.07282 -0.0507798
151 6 -4.07282 -0.0507798
151 7 -4.07282 -0.0507796
151 8 -4.07282 -0.0507796
151 9 -3.99951 0.00388351
151 10 -3.98894 0.0127407
151 11 -3.98959 0.0116049
151 12 -3.99065 0.00602228
151 13 -3.98345 0.00063923
151 14 -3.9801 -0.000279862
151 15 -3.97978 -6.5207e-05
152 0 0.0670312 3.70256
152 1 0.0670312 3.70256
152 2 0.0717607 3.70505
152 3 -0.0122121 3.80105
152 4 -0.0767844 3.88475
152 5 -0.0987207 3.92706
152 6 -0.0987207 3.92706
152 7 -0.0987207 3.92706
152 8 -0.0240566 3.88738
152 9 -0.033155 3.90108
152 10 -0.0380939 3.93096
152 11 -0.0317059 3.97705
152 12 -0.0251216 3.98079
152 13 -0.00662878 3.99317
152 14 -0.00721706 3.99018
152 15 -0.0038393 3.9805
153 0 -1.94366 3.77772
153 1 -1.94189 3.9882
153 2 -1.94189 3.9882
153 3 -1.99114 3.95484
153 4 -1.98161 3.97
153 5 -1.98048 3.97402
153 6 -1.98514 3.9785
153 7 -1.98968 3.97977
153 8 -1.9899 3.97982
153 9 -1.98991 3.97981
153 10 -1.98991 3.9798
153 11 -1.98991 3.9798
153 12 -1.98991 3.9798
153 13 -1.98991 3.9798
153 14 -1.98991 3.9798
153 15 -1.98991 3.9798
154 0 -5.02159 4.86804
154 1 -5.02287 4.94432
154 2 -5.02287 4.94432
154 3 -4.98119 4.9713
154 4 -4.97546 4.97684
154 5 -4.97613 4.97617
154 6 -4.97613 4.97617
154 7 -4.97613 4.97617
154 8 -4.97613 4.97617
154 9 -4.97613 4.97617
154 10 -4.97613 4.97617
154 11 -4.97613 4.97617
154 12 -4.97613 4.97617
154 13 -4.97613 4.97617
154 14 -4.97613 4.97617
154 15 -4.97613 4.97617
155 0 -3.40387 1.03394
155 1 -3.10718 1.13893
155 2 -3.10718 1.13893
155 3 -2.95755 1.13869
155 4 -2.95755 1.13869
155 5 -2.94291 0.990321
155 6 -2.97618 0.993456
155 7 -2.98502 0.995874
155 8 -2.9849 0.994827
155 9 -2.98487 0.994957
155 10 -2.98487 0.994957
155 11 -2.98487 0.994957
155 12 -2.98487 0.994957
155 13 -2.98487 0.994957
155 14 -2.98487 0.994957
155 15 -2.98487 0.994957
156 0 -4.94701 -4.98433
156 1 -4.91333 -2.15484
156 2 -4.91333 -2.15484
156 3 -4.91333 -2.15484
156 4 -4.91333 -2.15484
156 5 -4.91333 -2.15484
156 6 -4.91333 -2.15484
156 7 -4.92358 -1.95127
156 8 -4.92358 -1.95127
156 9 -4.92358 -1.95127
156 10 -4.92358 -1.95127
156 11 -4.93752 -2.0065
156 12 -4.94105 -1.99102
156 13 -4.95906 -1.99015
156 14 -4.9751 -1.98918
156 15 -4.97469 -1.9899
157 0 -2.01504 -0.0269813
157 1 -1.99449 0.0171791
157 2 -2.00031 0.00407999
157 3 -1.9967 0.00307358
157 4 -1.99078 -0.000447417
157 5 -1.9899 -0.000351962
157 6 -1.98991 -9.84254e-05
157 7 -1.98992 -2.03855e-07
157 8 -1.98991 5.08568e-09
157 9 -1.98991 5.08568e-09
157 10 -1.98991 5.08568e-09
157 11 -1.98991 5.08568e-09
157 12 -1.98991 5.08568e-09
157 13 -1.98991 5.08568e-09
157 14 -1.98991 5.08568e-09
157 15 -1.98991 5.08568e-09
158 0 -2.02071 -0.966912
158 1 -2.00096 -1.00068
158 2 -1.99548 -0.993462
158 3 -1.99075 -0.99823
158 4 -1.99075 -0.99823
158 5 -1.99075 -0.99823
158 6 -1.99075 -0.99823
158 7 -1.98971 -0.998097
158 8 -1.98971 -0.995688
158 9 -1.98991 -0.994959
158 10 -1.98991 -0.994959
158 11 -1.98991 -0.994959
158 12 -1.98991 -0.994959
158 13 -1.98991 -0.994959
158 14 -1.98991 -0.994959
158 15 -1.98991 -0.994959
159 0 -3.87198 3.14884
159 1 -3.87198 3.14884
159 2 -3.8768 3.01778
159 3 -3.91275 3.05196
159 4 -3.92368 3.06033
159 5 -3.92368 3.06033
159 6 -3.92368 3.06033
159 7 -3.92368 3.06033
159 8 -3.92368 3.06033
159 9 -3.92368 3.06033
159 10 -3.92368 3.06033
159 11 -3.92368 3.06033
159 12 -3.92368 3.06033
159 13 -3.92368 3.06033
159 14 -3.92368 3.06033
159 15 -3.92368 3.06033
160 0 0.547243 -1.93882
160 1 1.04722 -1.8752
160 2 0.991181 -1.988
160 3 0.99108 -1.98823
160 4 0.992272 -1.98829
160 5 0.994909 -1.98971
160 6 0.994943 -1.98987
160 7 0.994966 -1.98991
160 8 0.994965 -1.98991
160 9 0.994962 -1.98991
160 10 0.994962 -1.98991
160 11 0.994962 -1.98991
160 12 0.994962 -1.98991
160 13 0.994962 -1.98991
160 14 0.994962 -1.98991
160 15 0.994962 -1.98991
161 0 -0.772374 -3.00485
161 1 -0.940779 -3.13949
161 2 -0.933778 -2.97782
161 3 -0.933778 -2.97782
161 4 -0.933778 -2.97782
161 5 -0.933778 -2.97782
161 6 -0.933778 -2.97782
161 7 -0.933778 -2.97782
161 8 -0.933778 -2.97782
161 9 -0.933778 -2.97782
161 10 -0.933778 -2.97782
161 11 -0.933778 -2.97782
161 12 -0.933778 -2.97782
161 13 -0.933778 -2.97782
161 14 -0.933778 -2.97782
161 15 -0.933778 -2.97782
162 0 3.96121 3.92379
162 1 3.96682 3.92247
162 2 3.96682 3.92247
162 3 3.99723 3.93915
162 4 4.01096 3.96111
162 5 4.00695 3.96406
162 6 3.98634 3.9789
162 7 3.98002 3.98092
162 8 3.97967 3.98017
162 9 3.97956 3.9799
162 10 3.97965 3.97983
162 11 3.97977 3.97978
162 12 3.97978 3.97978
162 13 3.97978 3.97978
162 14 3.97978 3.97978
162 15 3.97978 3.97978
163 0 5.01391 2.74855
163 1 5.06294 2.90994
163 2 4.99065 2.93829
163 3 4.99065 2.93829
163 4 4.99065 2.93829
163 5 4.9868 2.97935
163 6 4.97805 2.97999
163 7 4.97479 2.98515
163 8 4.9747 2.98487
163 9 4.97469 2.98486
163 10 4.97469 2.98486
163 11 4.97469 2.98486
163 12 4.97469 2.98486
163 13 4.97469 2.98486
163 14 4.97469 2.98486
163 15 4.97469 2.98486
164 0 4.46219 3.93716
164 1 -0.974098 3.03125
164 2 -0.974098 3.03125
164 3 -0.974098 3.03125
164 4 -0.974098 3.03125
164 5 -0.974098 3.03125
164 6 -0.974098 3.03125
164 7 -0.974098 3.03125
164 8 -0.974098 3.03125
164 9 -0.974098 3.03125
164 10 -0.974098 3.03125
164 11 -0.974098 3.03125
164 12 -0.974098 3.03125
164 13 -0.974098 3.03125
164 14 -0.974098 3.03125
164 15 -0.974098 3.03125
165 0 2.02097 0.991563
165 1 2.02081 0.996923
165 2 2.02015 0.990839
165 3 2.00244 1.01058
165 4 1.9853 1.00677
165 5 1.98912 0.999393
165 6 1.99051 0.995492
165 7 1.98987 0.994973
165 8 1.98989 0.994988
165 9 1.98989 0.994988
165 10 1.98989 0.994988
165 11 1.98989 0.994988
165 12 1.98989 0.994988
165 13 1.98989 0.994988
165 14 1.98989 0.994988
165 15 1.98989 0.994988
166 0 2.89525 -1.09876
166 1 2.89048 -1.01271
166 2 2.89048 -1.01271
166 3 2.89048 -1.01271
166 4 2.88949 -1.00128
166 5 2.92248 -0.955234
166 6 2.92901 -0.960772
166 7 2.97437 -0.991784
166 8 2.9846 -0.996504
166 9 2.98512 -0.995531
166 10 2.98525 -0.995205
166 11 2.98512 -0.995055
166 12 2.98486 -0.994973
166 13 2.98486 -0.994959
166 14 2.98486 -0.994959
166 15 2.98486 -0.994959
167 0 -0.0461146 0.315252
167 1 -0.0469724 -0.00316954
167 2 -0.0469724 -0.00316954
167 3 0.00133423 0.00493771
167 4 0.00059502 0.000259772
167 5 5.13745e-05 7.05094e-05
167 6 -1.94778e-06 -4.67423e-06
167 7 -1.94778e-06 -4.67423e-06
167 8 -1.94778e-06 -4.67423e-06
167 9 -1.94778e-06 -4.67423e-06
167 10 -1.94778e-06 -4.67423e-06
167 11 -1.94778e-06 -4.67423e-06
167 12 -1.94778e-06 -4.67423e-06
167 13 -1.94778e-06 -4.67423e-06
167 14 -1.94778e-06 -4.67423e-06
167 15 -1.94778e-06 -4.67423e-06
168 0 0.963175 -0.53235
168 1 0.996195 -0.532042
168 2 0.991402 -1.11882
168 3 0.993362 -1.00264
168 4 0.995321 -0.994257
168 5 0.994835 -0.994934
168 6 0.994881 -0.994901
168 7 0.994908 -0.994887
168 8 0.994908 -0.994887
168 9 0.994908 -0.994887
168 10 0.994908 -0.994887
168 11 0.994908 -0.994887
168 12 0.994908 -0.994887
168 13 0.994908 -0.994887
168 14 0.994908 -0.994887
168 15 0.994908 -0.994887
169 0 -2.03415 -1.08173
169 1 -2.01794 -0.971276
169 2 -1.99163 -0.992296
169 3 -1.99045 -0.991958
169 4 -1.99045 -0.991958
169 5 -1.99045 -0.991958
169 6 -1.99045 -0.991958
169 7 -1.99045 -0.991958
169 8 -1.99045 -0.991958
169 9 -1.99043 -0.992275
169 10 -1.99016 -0.994979
169 11 -1.99016 -0.994978
169 12 -1.99016 -0.994978
169 13 -1.99016 -0.994978
169 14 -1.99016 -0.994978
169 15 -1.99016 -0.994978
170 0 3.00652 0.0189709
170 1 3.01018 0.0073547
170 2 3.01018 0.0073547
170 3 3.01018 0.0073547
170 4 3.01018 0.0073547
170 5 3.01018 0.0073547
170 6 2.98719 -0.000425733
170 7 2.98521 -0.000923144
170 8 2.98493 -0.000286538
170 9 2.98481 -3.21362e-05
170 10 2.98483 -1.50261e-05
170 11 2.98485 5.53099e-06
170 12 2.98485 5.06545e-06
170 13 2.98485 5.03651e-06
170 14 2.98485 5.01297e-06
170 15 2.98485 5.01151e-06
171 0 2.02771 4.62778
171 1 2.03001 5.08311
171 2 2.03001 5.08311
171 3 2.02731 4.94699
171 4 2.00118 4.97576
171 5 1.99144 4.97447
171 6 1.98995 4.97447
171 7 1.98991 4.97469
171 8 1.98991 4.97469
171 9 1.98991 4.97469
171 10 1.98991 4.97469
171 11 1.98991 4.97469
171 12 1.98991 4.97469
171 13 1.98991 4.97469
171 14 1.98991 4.97469
171 15 1.98991 4.97469
172 0 -4.06509 -2.31659
172 1 -4.09922 -2.07667
172 2 -4.10746 -2.01343
172 3 -4.10746 -2.01343
172 4 -4.10746 -2.01343
172 5 -3.95027 -1.9567
172 6 -3.94459 -1.96634
172 7 -3.94459 -1.96634
172 8 -3.94459 -1.96634
172 9 -3.94458 -1.96634
172 10 -3.94458 -1.96634
172 11 -3.94656 -1.98803
172 12 -3.94872 -1.988
172 13 -3.98066 -1.98948
172 14 -3.97977 -1.98987
172 15 -3.97978 -1.98991
173 0 -3.90186 5.26216
173 1 -3.90186 5.26216
173 2 -3.90186 5.26216
173 3 -3.90186 5.26216
173 4 -3.90186 5.26216
173 5 -3.90186 5.26216
173 6 -3.90186 5.26216
173 7 -3.90186 5.26216
173 8 -3.90186 5.26216
173 9 -3.90186 5.26216
173 10 4.25858 4.96636
173 11 4.25858 4.96636
173 12 4.25858 4.96636
173 13 4.25858 4.96636
173 14 4.25858 4.96636
173 15 4.25858 4.96636
174 0 0.849888 0.318028
174 1 0.846858 -0.131781
174 2 0.846858 -0.131781
174 3 0.958345 -0.0439466
174 4 1.01455 -0.0105474
174 5 1.00318 -0.0158056
174 6 1.00029 -0.0108997
174 7 0.993949 -0.00201439
174 8 0.995125 -0.000143471
174 9 0.99511 -0.000104962
174 10 0.994923 -1.86287e-05
174 11 0.994932 -1.58913e-05
174 12 0.994932 -1.58913e-05
174 13 0.994932 -1.58913e-05
174 14 0.994932 -1.58913e-05
174 15 0.994932 -1.58913e-05
175 0 0.797651 3.97053
175 1 0.846128 3.88626
175 2 0.906732 3.83398
175 3 0.906732 3.83398
175 4 0.906732 3.83398
175 5 1.96146 3.14819
175 6 1.96146 3.14819
175 7 1.96146 3.14819
175 8 1.96146 3.14819
175 9 1.96146 3.14819
175 10 1.96146 3.14819
175 11 1.96146 3.14819
175 12 1.96146 3.14819
175 13 1.96146 3.14819
175 14 1.87768 3.00298
175 15 1.93621 3.01029
176 0 3.9191 4.56808
176 1 3.92234 5.16012
176 2 3.94448 4.95862
176 3 3.97524 4.95838
176 4 3.97988 4.9765
176 5 3.97931 4.97481
176 6 3.97958 4.97476
176 7 3.97977 4.97467
176 8 3.97978 4.97469
176 9 3.97978 4.97469
176 10 3.97978 4.97469
176 11 3.97978 4.97469
176 12 3.97978 4.97469
176 13 3.97978 4.97469
176 14 3.97978 4.97469
176 15 3.97978 4.97469
177 0 1.94238 -4.01891
177 1 1.94238 -4.01891
177 2 1.95235 -4.02586
177 3 1.95235 -4.02586
177 4 1.95235 -4.02586
177 5 1.95235 -4.02586
177 6 1.95235 -4.02586
177 7 1.95235 -4.02586
177 8 1.95235 -4.02586
177 9 1.95235 -4.02586
177 10 1.95235 -4.02586
177 11 1.95235 -4.02586
177 12 1.95235 -4.02586
177 13 1.95235 -4.02586
177 14 1.95235 -4.02586
177 15 1.95235 -4.02586
178 0 -4.01805 1.60186
178 1 -4.02882 1.93089
178 2 -4.02487 1.99495
178 3 -3.99753 1.96757
178 4 -3.99749 1.96754
178 5 -3.99749 1.96754
178 6 -3.99749 1.96754
178 7 -3.99749 1.96754
178 8 -3.99749 1.96754
178 9 -3.99749 1.96754
178 10 -3.99749 1.96754
178 11 -3.99749 1.96754
178 12 -3.99749 1.96754
178 13 -3.99749 1.96754
178 14 -3.99749 1.96754
178 15 -3.99749 1.96754
179 0 4.99587 0.439834
179 1 4.99587 0.439834
179 2 5.87461 -0.111683
179 3 5.87461 -0.111683
179 4 5.87461 -0.111683
179 5 5.87461 -0.111683
179 6 5.87461 -0.111683
179 7 5.87461 -0.111683
179 8 5.87461 -0.111683
179 9 5.87461 -0.111683
179 10 5.87461 -0.111683
179 11 5.87461 -0.111683
179 12 5.87461 -0.111683
179 13 5.87461 -0.111683
179 14 5.87461 -0.111683
179 15 5.87461 -0.111683
180 0 4.09457 -2.9299
180 1 3.96635 -2.96684
180 2 3.98392 -2.99098
180 3 3.97961 -2.98914
180 4 3.97758 -2.9843
180 5 3.97758 -2.9843
180 6 3.97758 -2.9843
180 7 3.97836 -2.98457
180 8 3.97965 -2.98503
180 9 3.97978 -2.98503
180 10 3.97978 -2.98502
180 11 3.97979 -2.98485
180 12 3.97978 -2.98486
180 13 3.97978 -2.98486
180 14 3.97978 -2.98486
180 15 3.97978 -2.98486
181 0 2.05568 3.94404
181 1 2.05568 3.94404
181 2 2.05568 3.94404
181 3 2.05568 3.94404
181 4 2.05568 3.94404
181 5 2.05568 3.94404
181 6 2.05568 3.94404
181 7 2.05568 3.94404
181 8 2.05543 3.9861
181 9 2.00939 4.00695
181 10 2.00939 4.00695
181 11 2.00939 4.00695
181 12 2.0078 3.99986
181 13 2.0016 3.97778
181 14 1.99899 3.97883
181 15 1.99097 3.98134
182 0 3.98598 3.0913
182 1 3.98028 2.96923
182 2 3.9707 2.97746
182 3 3.97411 2.9758
182 4 3.97411 2.9758
182 5 3.97977 2.97586
182 6 3.97981 2.98059
182 7 3.97982 2.98487
182 8 3.97981 2.98487
182 9 3.97981 2.98487
182 10 3.97981 2.98487
182 11 3.97981 2.98487
182 12 3.97981 2.98487
182 13 3.97981 2.98487
182 14 3.97981 2.98487
182 15 3.97981 2.98487
183 0 -1.98832 2.88565
183 1 -1.98878 3.00948
183 2 -1.98945 2.97968
183 3 -1.98964 2.98486
183 4 -1.98983 2.98486
183 5 -1.98991 2.98485
183 6 -1.98991 2.98485
183 7 -1.98991 2.98485
183 8 -1.98991 2.98485
183 9 -1.98991 2.98485
183 10 -1.98991 2.98485
183 11 -1.98991 2.98485
183 12 -1.98991 2.98485
183 13 -1.98991 2.98485
183 14 -1.98991 2.98485
183 15 -1.98991 2.98485
184 0 1.43191 2.03138
184 1 0.833139 2.18806
184 2 1.02145 2.16711
184 3 1.02145 2.16711
184 4 1.02137 2.01488
184 5 0.998552 1.98519
184 6 0.999326 1.9864
184 7 0.999145 1.98724
184 8 0.994031 1.98967
184 9 0.994884 1.98975
184 10 0.99496 1.98991
184 11 0.994959 1.98991
184 12 0.994959 1.98991
184 13 0.994959 1.98991
184 14 0.994959 1.98991
184 15 0.994959 1.98991
185 0 3.92895 -1.93444
185 1 3.95287 -2.01549
185 2 3.98309 -1.99731
185 3 3.98309 -1.99731
185 4 3.98277 -1.99139
185 5 3.98034 -1.99083
185 6 3.97982 -1.98984
185 7 3.9798 -1.98987
185 8 3.97978 -1.98991
185 9 3.97978 -1.98991
185 10 3.97978 -1.98991
185 11 3.97978 -1.98991
185 12 3.97978 -1.98991
185 13 3.97978 -1.98991
185 14 3.97978 -1.98991
185 15 3.97978 -1.98991
186 0 -0.248528 4.13835
186 1 -0.251439 3.96624
186 2 -0.251439 3.96624
186 3 -0.251439 3.96624
186 4 -0.251439 3.96624
186 5 -0.251439 3.96624
186 6 -0.251439 3.96624
186 7 -0.251439 3.96624
186 8 -0.251439 3.96624
186 9 -0.251439 3.96624
186 10 -0.251439 3.96624
186 11 -0.251439 3.96624
186 12 -0.251439 3.96624
186 13 -0.251439 3.96624
186 14 -0.251439 3.96624
186 15 -0.251439 3.96624
187 0 -2.8016 2.9357
187 1 -2.84366 2.88165
187 2 -2.84366 2.88165
187 3 -2.87819 3.00413
187 4 -2.96559 3.00657
187 5 -2.98742 2.9845
187 6 -2.98596 2.98596
187 7 -2.98596 2.98596
187 8 -2.98596 2.98596
187 9 -2.98595 2.98592
187 10 -2.98517 2.98479
187 11 -2.98503 2.98482
187 12 -2.98486 2.98489
187 13 -2.98486 2.98488
187 14 -2.98486 2.98488
187 15 -2.98486 2.98488
188 0 3.01786 -1.93475
188 1 -0.892654 0.796821
188 2 -0.892654 0.796821
188 3 -0.892654 0.796821
188 4 -1.00068 0.794081
188 5 -0.920205 0.87205
188 6 -0.900654 0.905695
188 7 -0.899162 0.950963
188 8 -1.0061 0.998931
188 9 -0.995281 0.992689
188 10 -0.99477 0.995148
188 11 -0.994962 0.994958
188 12 -0.99496 0.99496
188 13 -0.99496 0.99496
188 14 -0.99496 0.99496
188 15 -0.99496 0.99496
189 0 2.03164 3.90527
189 1 2.03164 3.90527
189 2 2.03057 3.97249
189 3 2.03057 3.97249
189 4 2.03057 3.97249
189 5 2.03057 3.97249
189 6 2.03057 3.97249
189 7 2.03057 3.97249
189 8 2.03057 3.97249
189 9 2.03057 3.97249
189 10 2.03057 3.97249
189 11 2.03057 3.97249
189 12 2.03057 3.97249
189 13 2.03057 3.97249
189 14 2.03057 3.97249
189 15 2.02095 3.9597
190 0 -4.98656 -2.02278
190 1 -4.98656 -2.02278
190 2 -4.98656 -2.02278
190 3 -4.98656 -2.02278
190 4 -4.98656 -2.02278
190 5 -4.98656 -2.02278
190 6 -4.98656 -2.02278
190 7 -4.98656 -2.02278
190 8 -4.98656 -2.02278
190 9 -4.98656 -2.02278
190 10 -4.98656 -2.02278
190 11 -4.98656 -2.02278
190 12 -4.98656 -2.02278
190 13 -4.98656 -2.02278
190 14 -4.98656 -2.02278
190 15 -4.98656 -2.02278
191 0 -1.9072 -1.96824
191 1 -1.98128 -1.99258
191 2 -1.98128 -1.99258
191 3 -1.98128 -1.99258
191 4 -1.98132 -1.99058
191 5 -1.9815 -1.99144
191 6 -1.98242 -1.98929
191 7 -1.98612 -1.98999
191 8 -1.98978 -1.99071
191 9 -1.98988 -1.99005
191 10 -1.98993 -1.98992
191 11 -1.98991 -1.98991
191 12 -1.98991 -1.98991
191 13 -1.98991 -1.98991
191 14 -1.98991 -1.98991
191 15 -1.98991 -1.98991
192 0 -3.07121 0.0502117
192 1 -3.07121 0.0502117
192 2 -3.07597 0.00839001
192 3 -3.05978 -0.0355811
192 4 -2.98671 -0.0521187
192 5 -2.98585 -0.00985107
192 6 -2.98471 0.000215395
192 7 -2.98486 1.1738e-06
192 8 -2.98486 1.54088e-06
192 9 -2.98486 1.6301e-06
192 10 -2.98486 1.62988e-06
192 11 -2.98486 1.62988e-06
192 12 -2.98486 1.62988e-06
192 13 -2.98486 1.62987e-06
192 14 -2.98486 1.62987e-06
192 15 -2.98486 1.62987e-06
193 0 -2.5165 -2.01464
193 1 -4.02659 -1.95228
193 2 -3.96117 -1.96671
193 3 -3.98441 -1.96519
193 4 -3.98441 -1.96519
193 5 -3.98441 -1.96519
193 6 -3.98441 -1.96519
193 7 -3.98441 -1.96519
193 8 -3.98441 -1.96519
193 9 -3.98441 -1.96519
193 10 -3.98441 -1.96519
193 11 -3.98441 -1.96519
193 12 -3.98441 -1.96519
193 13 -3.98441 -1.96519
193 14 -3.98441 -1.96519
193 15 -3.98441 -1.96519
194 0 -0.984887 -1.99614
194 1 -0.989901 -1.98634
194 2 -0.993284 -1.99301
194 3 -0.995464 -1.99006
194 4 -0.995245 -1.9902
194 5 -0.995245 -1.9902
194 6 -0.99524 -1.9902
194 7 -0.995222 -1.99022
194 8 -0.995221 -1.99022
194 9 -0.995221 -1.99022
194 10 -0.995221 -1.99022
194 11 -0.995221 -1.99022
194 12 -0.995221 -1.99022
194 13 -0.995221 -1.99022
194 14 -0.995221 -1.99022
194 15 -0.995221 -1.99022
195 0 -5.01531 0.376265
195 1 -5.01531 0.376265
195 2 -5.01531 0.376265
195 3 -5.01531 0.376265
195 4 -5.01531 0.376265
195 5 -5.01531 0.376265
195 6 -5.01531 0.376265
195 7 -4.70698 -0.0901884
195 8 -4.70698 -0.0901884
195 9 -4.70698 -0.0901884
195 10 -4.70698 -0.0901884
195 11 -4.70698 -0.0901884
195 12 -4.70698 -0.0901884
195 13 -4.70698 -0.0901884
195 14 -4.70698 -0.0901884
195 15 -4.70698 -0.0901884
196 0 -0.944813 -0.957106
196 1 -0.985437 -0.95531
196 2 -0.991304 -0.954536
196 3 -0.991304 -0.954536
196 4 -0.991304 -0.954536
196 5 -0.991304 -0.954536
196 6 -0.995264 -0.957744
196 7 -1.01231 -0.973897
196 8 -1.01358 -0.975256
196 9 -1.01464 -0.976452
196 10 -1.01494 -0.977167
196 11 -1.01149 -0.988179
196 12 -0.991001 -0.99357
196 13 -0.994787 -0.994181
196 14 -0.994979 -0.994909
196 15 -0.994978 -0.994954
197 0 -5.24449 1.02889
197 1 -5.17379 0.0221914
197 2 -5.17379 0.0221914
197 3 -5.17401 0.00535693
197 4 -5.17401 0.00535693
197 5 -5.09281 0.0173985
197 6 -4.92802 0.0239822
197 7 -4.97445 -0.00806342
197 8 -4.97123 -0.00346803
197 9 -4.97101 -0.00252847
197 10 -4.97306 -0.000368635
197 11 -4.97468 -3.3684e-05
197 12 -4.97468 -2.94648e-05
197 13 -4.97468 -2.77382e-05
197 14 -4.97468 -2.61574e-05
197 15 -4.97468 -2.61574e-05
198 0 -2.96498 1.4741
198 1 -2.97106 -2.06222
198 2 -2.97155 -1.97655
198 3 -2.99141 -1.99075
198 4 -2.98715 -1.98674
198 5 -2.9875 -1.98711
198 6 -2.98763 -1.98723
198 7 -2.98764 -1.98725
198 8 -2.98763 -1.98836
198 9 -2.98481 -1.98991
198 10 -2.98481 -1.98991
198 11 -2.98481 -1.98991
198 12 -2.98481 -1.98991
198 13 -2.98481 -1.98991
198 14 -2.98481 -1.98991
198 15 -2.98481 -1.98991
199 0 1.03987 -0.0502111
199 1 1.01213 0.00440249
199 2 1.00234 -0.00435218
199 3 1.00234 -0.00435218
199 4 1.00234 -0.00435218
199 5 0.99657 -0.00262101
199 6 0.995189 0.000322114
199 7 0.994947 2.06733e-05
199 8 0.994942 1.40231e-05
199 9 0.994942 1.40231e-05
199 10 0.994942 1.40231e-05
199 11 0.994942 1.40231e-05
199 12 0.994942 1.40231e-05
199 13 0.994942 1.40231e-05
199 14 0.994942 1.40231e-05
199 15 0.994942 1.40231e-05
200 0 -3.02373 2.03288
200 1 -2.98919 2.01151
200 2 -2.99577 1.98529
200 3 -2.9911 1.98181
200 4 -2.9911 1.98181
200 5 -2.99011 1.9812
200 6 -2.99011 1.9812
200 7 -2.99011 1.9812
200 8 -2.99011 1.9812
200 9 -2.99011 1.9812
200 10 -2.99011 1.9812
200 11 -2.99011 1.9812
200 12 -2.99011 1.9812
200 13 -2.99011 1.9812
200 14 -2.99011 1.9812
200 15 -2.99011 1.9812
201 0 -1.65641 -3.88874
201 1 -1.65276 -3.97188
201 2 -0.878138 -3.13877
201 3 -0.878138 -3.13877
201 4 -0.878138 -3.13877
201 5 -1.00702 -3.07942
201 6 -1.00359 -3.03692
201 7 -0.991297 -2.98117
201 8 -0.994862 -2.98478
201 9 -0.994951 -2.98486
201 10 -0.994951 -2.98486
201 11 -0.994951 -2.98486
201 12 -0.994951 -2.98486
201 13 -0.994951 -2.98486
201 14 -0.994951 -2.98486
201 15 -0.994951 -2.98486
202 0 2.99286 -4.07941
202 1 3.01403 -3.98772
202 2 3.01403 -3.98772
202 3 3.01403 -3.98772
202 4 2.98984 -3.98427
202 5 2.98505 -3.98105
202 6 2.98493 -3.98032
202 7 2.98478 -3.97979
202 8 2.98482 -3.97979
202 9 2.98482 -3.97979
202 10 2.98483 -3.97979
202 11 2.98484 -3.97978
202 12 2.98484 -3.97978
202 13 2.98484 -3.97978
202 14 2.98484 -3.97978
202 15 2.98484 -3.97978
203 0 -2.11101 2.48513
203 1 -2.06794 -0.142326
203 2 -2.06632 0.000253595
203 3 -2.00969 -0.046989
203 4 -1.97998 -0.0214213
203 5 -1.97524 -0.0159508
203 6 -1.97375 -0.0139296
203 7 -1.97371 -0.0118532
203 8 -1.9894 1.7819e-05
203 9 -1.98989 3.79164e-05
203 10 -1.98989 3.79164e-05
203 11 -1.98989 3.79164e-05
203 12 -1.98989 3.79164e-05
203 13 -1.98989 3.79164e-05
203 14 -1.98989 3.79164e-05
203 15 -1.98989 3.79164e-05
204 0 3.39366 2.92635
204 1 0.876009 2.03176
204 2 0.876009 2.03176
204 3 0.876009 2.03176
204 4 0.957748 2.07412
204 5 0.965002 2.042
204 6 1.00897 1.99227
204 7 0.993848 1.98846
204 8 0.995014 1.99012
204 9 0.994882 1.98997
204 10 0.994883 1.98997
204 11 0.994904 1.98999
204 12 0.994927 1.98998
204 13 0.994947 1.98994
204 14 0.994955 1.98993
204 15 0.994955 1.98993
205 0 -5.16953 -1.88836
205 1 -5.16842 -1.98266
205 2 -4.97392 -1.91847
205 3 -4.98516 -1.98365
205 4 -4.97681 -1.99027
205 5 -4.97466 -1.99004
205 6 -4.97469 -1.98991
205 7 -4.97469 -1.98991
205 8 -4.97469 -1.98991
205 9 -4.97469 -1.98991
205 10 -4.97469 -1.98991
205 11 -4.97469 -1.98991
205 12 -4.97469 -1.98991
205 13 -4.97469 -1.98991
205 14 -4.97469 -1.98991
205 15 -4.97469 -1.98991
206 0 0.972542 -0.959816
206 1 1.00589 -0.977586
206 2 1.00589 -0.977586
206 3 1.00589 -0.977586
206 4 1.00589 -0.977586
206 5 1.00589 -0.977586
206 6 1.00589 -0.977586
206 7 1.00589 -0.977586
206 8 1.00589 -0.977586
206 9 1.00589 -0.977586
206 10 1.00589 -0.977586
206 11 1.00589 -0.977586
206 12 1.00589 -0.977586
206 13 1.00589 -0.977586
206 14 1.00589 -0.977586
206 15 1.00589 -0.977586
207 0 -2.04162 3.43886
207 1 -2.04373 2.99888
207 2 -2.04373 2.99888
207 3 -2.04373 2.99888
207 4 -1.99652 2.97496
207 5 -1.99152 2.98152
207 6 -1.98913 2.98416
207 7 -1.98914 2.98416
207 8 -1.98985 2.98434
207 9 -1.98989 2.98462
207 10 -1.98994 2.98485
207 11 -1.98991 2.98486
207 12 -1.98991 2.98486
207 13 -1.98991 2.98486
207 14 -1.98991 2.98486
207 15 -1.98991 2.98486
208 0 4.03394 0.665303
208 1 4.03394 0.665303
208 2 3.99621 0.91964
208 3 3.98307 0.988223
208 4 3.97878 0.992639
208 5 3.97934 0.995931
208 6 3.97944 0.994965
208 7 3.97974 0.994958
208 8 3.97978 0.994958
208 9 3.97978 0.994958
208 10 3.97978 0.994958
208 11 3.97978 0.994958
208 12 3.97978 0.994958
208 13 3.97978 0.994958
208 14 3.97978 0.994958
208 15 3.97978 0.994958
209 0 -0.78503 1.16249
209 1 -0.78773 1.01725
209 2 -0.94955 1.06483
209 3 -1.00541 1.05229
209 4 -0.996016 1.01279
209 5 -0.99202 0.995365
209 6 -0.995233 0.994859
209 7 -0.994961 0.995
209 8 -0.994962 0.994998
209 9 -0.994962 0.994998
209 10 -0.994962 0.994998
209 11 -0.994962 0.994998
209 12 -0.994962 0.994998
209 13 -0.994962 0.994998
209 14 -0.994962 0.994998
209 15 -0.994962 0.994998
210 0 0.719372 1.93509
210 1 0.980278 1.78357
210 2 0.980278 1.78357
210 3 1.05806 1.81152
210 4 0.988266 2.04963
210 5 1.01424 2.04068
210 6 1.027 1.99037
210 7 1.027 1.99037
210 8 1.027 1.99037
210 9 1.027 1.99037
210 10 1.027 1.99037
210 11 1.027 1.99037
210 12 1.027 1.99037
210 13 1.027 1.99037
210 14 1.027 1.99037
210 15 1.027 1.99037
211 0 2.93362 2.60748
211 1 2.93481 2.93423
211 2 2.93679 2.93238
211 3 2.98331 2.94512
211 4 2.98302 2.99608
211 5 2.98468 2.98466
211 6 2.98483 2.98486
211 7 2.98484 2.98487
211 8 2.98484 2.98487
211 9 2.98484 2.98487
211 10 2.98484 2.98487
211 11 2.98484 2.98487
211 12 2.98484 2.98487
211 13 2.98484 2.98487
211 14 2.98484 2.98487
211 15 2.98484 2.98487
212 0 0.960645 -2.92656
212 1 0.976765 -2.92112
212 2 0.996619 -2.99689
212 3 0.996619 -2.99689
212 4 0.996619 -2.99689
212 5 0.996619 -2.99689
212 6 0.996619 -2.99689
212 7 0.996619 -2.99689
212 8 0.996619 -2.99689
212 9 0.996619 -2.99689
212 10 0.996619 -2.99689
212 11 0.996619 -2.99689
212 12 0.996619 -2.99689
212 13 0.996619 -2.99689
212 14 0.996619 -2.99689
212 15 0.996619 -2.99689
213 0 1.17177 -2.8948
213 1 1.13539 -2.85365
213 2 -1.0459 -1.07704
213 3 -1.0459 -1.07704
213 4 -1.0459 -1.07704
213 5 -1.0459 -1.07704
213 6 -1.0459 -1.07704
213 7 -1.0459 -1.07704
213 8 -0.976482 -1.08498
213 9 -0.976482 -1.08498
213 10 -0.976482 -1.08498
213 11 -0.976482 -1.08498
213 12 -0.976482 -1.08498
213 13 -0.976482 -1.08498
213 14 -0.976482 -1.08498
213 15 -0.976482 -1.08498
214 0 -1.92797 -3.98982
214 1 -1.92768 -3.98513
214 2 -1.85085 -2.91172
214 3 -1.84939 -2.9849
214 4 -1.84939 -2.9849
214 5 -1.84939 -2.9849
214 6 -1.84939 -2.9849
214 7 -1.84939 -2.9849
214 8 -1.84939 -2.9849
214 9 -1.85266 -2.98562
214 10 -2.03472 -3.02979
214 11 -1.98513 -2.98018
214 12 -1.98986 -2.98491
214 13 -1.98986 -2.98491
214 14 -1.98986 -2.98491
214 15 -1.98986 -2.98491
215 0 -0.00824573 -0.0282023
215 1 -0.00240267 -0.028872
215 2 0.00253487 -0.0285629
215 3 -0.000746793 -0.0242744
215 4 -0.00156671 -0.0108223
215 5 -0.000563912 -5.42637e-05
215 6 -6.19964e-05 6.93062e-06
215 7 -1.05445e-06 8.42329e-06
215 8 -1.05445e-06 8.42329e-06
215 9 -1.05445e-06 8.42329e-06
215 10 -1.05445e-06 8.42329e-06
215 11 -1.05445e-06 8.42329e-06
215 12 -1.05445e-06 8.42329e-06
215 13 -1.05445e-06 8.42329e-06
215 14 -1.05445e-06 8.42329e-06
215 15 -1.05445e-06 8.42329e-06
216 0 -2.40106 -2.03453
216 1 -2.12446 -2.1588
216 2 -2.12446 -2.1588
216 3 -2.12446 -2.1588
216 4 -2.0209 -2.15599
216 5 -2.07513 -2.06943
216 6 -2.08026 -2.06317
216 7 -2.08026 -2.06317
216 8 -2.08026 -2.06317
216 9 -2.08026 -2.06317
216 10 -2.08026 -2.06317
216 11 -2.08026 -2.06317
216 12 -2.08026 -2.06317
216 13 -2.08026 -2.06317
216 14 -2.08026 -2.06317
216 15 -2.08026 -2.06317
217 0 -3.79353 1.13199
217 1 -3.94805 1.17811
217 2 2.00502 1.95489
217 3 2.00502 1.95489
217 4 2.00502 1.95489
217 5 2.01292 1.97706
217 6 2.01055 1.99083
217 7 1.99492 1.99036
217 8 1.98992 1.98977
217 9 1.98991 1.98991
217 10 1.98991 1.98991
217 11 1.98991 1.98991
217 12 1.98991 1.98991
217 13 1.98991 1.98991
217 14 1.98991 1.98991
217 15 1.98991 1.98991
218 0 1.51309 -1.02071
218 1 2.05378 -1.02227
218 2 1.99205 -1.01764
218 3 1.99029 -0.987579
218 4 1.99028 -0.994943
218 5 1.9899 -0.994959
218 6 1.9899 -0.994959
218 7 1.9899 -0.994959
218 8 1.9899 -0.994959
218 9 1.9899 -0.994959
218 10 1.9899 -0.994959
218 11 1.9899 -0.994959
218 12 1.9899 -0.994959
218 13 1.9899 -0.994959
218 14 1.9899 -0.994959
218 15 1.9899 -0.994959
219 0 2.53948 -1.03695
219 1 2.53688 -0.998775
219 2 2.04706 -1.22201
219 3 2.04706 -1.22201
219 4 1.97634 -1.21082
219 5 1.93148 -1.00202
219 6 1.93148 -1.00202
219 7 1.93148 -1.00202
219 8 1.93148 -1.00202
219 9 1.97263 -0.994499
219 10 1.97263 -0.994499
219 11 1.97263 -0.994499
219 12 1.97263 -0.994499
219 13 1.97263 -0.994499
219 14 1.97263 -0.994499
219 15 1.97263 -0.994499
220 0 -3.9334 0.0270387
220 1 -3.94898 0.0394828
220 2 -3.94898 0.0394828
220 3 -3.94898 0.0394828
220 4 -3.94898 0.0394828
220 5 -3.94898 0.0394828
220 6 -3.94898 0.0394828
220 7 -3.94898 0.0394828
220 8 -3.94898 0.0394828
220 9 -3.94898 0.0394828
220 10 -3.94898 0.0394828
220 11 -3.94898 0.0394828
220 12 -3.94898 0.0394828
220 13 -3.94898 0.0394828
220 14 -3.94898 0.0394828
220 15 -3.94898 0.0394828
221 0 -2.0271 -3.01533
221 1 -2.02915 -2.99219
221 2 -2.02915 -2.99219
221 3 -2.02915 -2.99219
221 4 -2.02915 -2.99219
221 5 -2.02915 -2.99219
221 6 -2.02915 -2.99219
221 7 -2.02915 -2.99219
221 8 -2.02915 -2.99219
221 9 -2.02915 -2.99219
221 10 -2.02915 -2.99219
221 11 -2.02915 -2.99219
221 12 -2.02915 -2.99219
221 13 -2.02915 -2.99219
221 14 -2.02915 -2.99219
221 15 -2.02915 -2.99219
222 0 4.0168 -0.0143797
222 1 4.01574 0.00774267
222 2 4.00375 -0.0195468
222 3 3.98105 0.00884125
222 4 3.97996 0.00889323
222 5 3.97912 0.00745723
222 6 3.97587 0.00234043
222 7 3.97647 0.0020298
222 8 3.9789 0.00010744
222 9 3.97978 -0.000197062
222 10 3.97981 -8.96203e-05
222 11 3.97981 -1.08635e-05
222 12 3.97978 6.36629e-08
222 13 3.97978 1.85847e-07
222 14 3.97978 1.02957e-07
222 15 3.97978 8.10474e-08
223 0 -0.048674 3.21006
223 1 0.020526 3.19581
223 2 0.020526 3.19581
223 3 0.020526 3.19581
223 4 -0.10251 2.96565
223 5 -0.0349909 2.99108
223 6 -0.00334006 3.00145
223 7 -0.00244044 2.99102
223 8 0.000698928 2.98495
223 9 -0.000109107 2.9848
223 10 -7.64436e-07 2.98487
223 11 -2.07194e-06 2.98487
223 12 -8.08636e-06 2.98486
223 13 -7.96986e-06 2.98486
223 14 -7.95117e-06 2.98486
223 15 -7.94854e-06 2.98486
224 0 2.03438 2.02783
224 1 2.03438 2.02783
224 2 2.03283 2.02949
224 3 2.03137 2.03094
224 4 2.03102 2.03129
224 5 2.03102 2.03129
224 6 2.02459 2.03616
224 7 2.02459 2.03616
224 8 2.02459 2.03616
224 9 2.02459 2.03616
224 10 2.02459 2.03616
224 11 2.02459 2.03616
224 12 2.02459 2.03616
224 13 2.02459 2.03616
224 14 2.02459 2.03616
224 15 2.02459 2.03616
225 0 -0.903591 -5.00439
225 1 -0.903591 -5.00439
225 2 -1.01422 -4.97252
225 3 -1.00339 -4.98265
225 4 -0.890911 -3.96116
225 5 -0.890911 -3.96116
225 6 -0.892324 -3.98684
225 7 -0.978009 -3.91181
225 8 -0.978009 -3.91181
225 9 -0.978009 -3.91181
225 10 -0.978009 -3.91181
225 11 -0.978009 -3.91181
225 12 -1.00739 -3.968
225 13 -1.00663 -3.97613
225 14 -0.992054 -3.97991
225 15 -0.994838 -3.97929
226 0 2.61844 2.95957
226 1 2.62038 2.99427
226 2 2.63602 3.02906
226 3 2.85289 3.18096
226 4 2.85289 3.18096
226 5 3.08525 2.95995
226 6 3.01162 2.96947
226 7 2.98463 2.99558
226 8 2.98425 2.98062
226 9 2.985 2.98483
226 10 2.98488 2.98485
226 11 2.98486 2.98486
226 12 2.98486 2.98486
226 13 2.98486 2.98486
226 14 2.98486 2.98486
226 15 2.98486 2.98486
227 0 -0.861344 0.935858
227 1 -0.956198 0.885908
227 2 -0.956198 0.885908
227 3 -0.956198 0.885908
227 4 -0.927904 0.925148
227 5 -0.920396 0.954101
227 6 -0.970299 0.985596
227 7 -0.993029 0.997593
227 8 -0.995375 0.995194
227 9 -0.995287 0.995282
227 10 -0.995284 0.995285
227 11 -0.995285 0.995285
227 12 -0.995285 0.995285
227 13 -0.995285 0.995285
227 14 -0.995285 0.995285
227 15 -0.995285 0.995285
228 0 -0.902742 0.333597
228 1 -0.902742 0.333597
228 2 -0.902742 0.333597
228 3 -0.902742 0.333597
228 4 -0.902742 0.333597
228 5 -0.902742 0.333597
228 6 -0.902742 0.333597
228 7 -0.902742 0.333597
228 8 -0.902742 0.333597
228 9 -0.902742 0.333597
228 10 -0.902742 0.333597
228 11 -0.902742 0.333597
228 12 -0.909454 -0.135286
228 13 -1.00948 0.013758
228 14 -1.0005 0.0027597
228 15 -0.997251 -6.95272e-05
229 0 1.48965 2.03936
229 1 -0.197376 1.85393
229 2 -0.197376 1.85393
229 3 -0.135838 2.0316
229 4 0.0483246 1.96142
229 5 0.0063298 1.99958
229 6 -0.00441199 1.99166
229 7 -0.00255762 1.99308
229 8 -0.00234708 1.99298
229 9 -0.000895954 1.99112
229 10 2.87594e-05 1.99002
229 11 -1.71036e-05 1.98995
229 12 -2.76441e-05 1.98993
229 13 -2.58811e-05 1.98993
229 14 -2.58221e-05 1.98993
229 15 -2.58059e-05 1.98993
230 0 -2.03453 -4.64983
230 1 -2.03929 -5.13328
230 2 -2.03929 -5.13328
230 3 -1.98874 -5.13342
230 4 -1.98527 -5.06723
230 5 -1.98364 -4.95514
230 6 -1.9904 -4.97463
230 7 -1.9901 -4.97462
230 8 -1.98991 -4.97468
230 9 -1.98991 -4.97469
230 10 -1.98991 -4.97469
230 11 -1.98991 -4.97469
230 12 -1.98991 -4.97469
230 13 -1.98991 -4.97469
230 14 -1.98991 -4.97469
230 15 -1.98991 -4.97469
231 0 3.00275 0.986398
231 1 2.98839 0.982163
231 2 2.98533 0.997331
231 3 2.98619 0.996765
231 4 2.98638 0.99658
231 5 2.98642 0.996536
231 6 2.98643 0.996525
231 7 2.98643 0.996525
231 8 2.98643 0.996525
231 9 2.98643 0.996525
231 10 2.98643 0.996525
231 11 2.98643 0.996525
231 12 2.98643 0.996525
231 13 2.98643 0.996525
231 14 2.98643 0.996525
231 15 2.98643 0.996525
232 0 4.05071 -4.99811
232 1 4.05071 -4.99811
232 2 4.05071 -4.99811
232 3 4.04729 -5.00568
232 4 4.04396 -4.95631
232 5 3.9927 -4.96039
232 6 3.97959 -4.97545
232 7 3.98007 -4.97496
232 8 3.98007 -4.97497
232 9 3.98006 -4.97497
232 10 3.98006 -4.97497
232 11 3.97981 -4.97504
232 12 3.97974 -4.97475
232 13 3.97974 -4.97475
232 14 3.97974 -4.97475
232 15 3.97974 -4.97475
233 0 -1.9345 -1.03204
233 1 -1.98747 -1.02619
233 2 -1.9861 -0.984111
233 3 -1.9861 -0.984111
233 4 -1.9861 -0.984111
233 5 -1.9861 -0.984111
233 6 -1.9861 -0.984111
233 7 -1.9861 -0.984111
233 8 -1.9861 -0.984111
233 9 -1.9861 -0.984111
233 10 -1.9861 -0.984111
233 11 -1.9861 -0.984111
233 12 -1.9861 -0.984111
233 13 -1.9861 -0.984111
233 14 -1.9861 -0.984111
233 15 -1.9861 -0.984111
234 0 -4.03743 -3.70612
234 1 -3.94818 -3.72209
234 2 -3.94818 -3.72209
234 3 -3.99595 -3.93445
234 4 -3.98729 -3.96783
234 5 -3.97868 -3.97323
234 6 -3.97868 -3.97323
234 7 -3.97868 -3.97323
234 8 -3.97597 -3.97813
234 9 -3.97585 -3.97858
234 10 -3.97585 -3.97858
234 11 -3.97585 -3.97858
234 12 -3.97652 -3.98077
234 13 -3.97672 -3.97965
234 14 -3.97824 -3.97973
234 15 -3.97978 -3.97988
235 0 4.68401 -2.79566
235 1 5.03296 -2.69958
235 2 4.85541 -2.22301
235 3 5.09848 -2.0979
235 4 5.09848 -2.0979
235 5 5.09133 -2.05713
235 6 4.93846 -1.98724
235 7 4.9724 -1.99555
235 8 4.97488 -1.98972
235 9 4.97469 -1.98991
235 10 4.97469 -1.98991
235 11 4.97467 -1.98993
235 12 4.97467 -1.98993
235 13 4.97467 -1.98993
235 14 4.97467 -1.98993
235 15 4.97467 -1.98993
236 0 -0.965835 -0.997965
236 1 -0.98295 -1.01534
236 2 -0.983596 -1.01237
236 3 -0.998146 -0.999826
236 4 -0.994933 -0.998673
236 5 -0.994544 -0.996227
236 6 -0.994651 -0.995005
236 7 -0.994973 -0.994961
236 8 -0.994959 -0.99496
236 9 -0.994959 -0.99496
236 10 -0.994959 -0.99496
236 11 -0.994959 -0.99496
236 12 -0.994959 -0.99496
236 13 -0.994959 -0.99496
236 14 -0.994959 -0.99496
236 15 -0.994959 -0.99496
237 0 -2.92854 -1.96415
237 1 -2.93783 -1.9542
237 2 -2.93868 -1.95316
237 3 -2.94614 -1.94601
237 4 -2.94614 -1.94601
237 5 -2.94614 -1.94601
237 6 -2.94614 -1.94601
237 7 -2.94614 -1.94601
237 8 -2.94614 -1.94601
237 9 -2.94614 -1.94601
237 10 -2.94614 -1.94601
237 11 -2.94614 -1.94601
237 12 -2.94614 -1.94601
237 13 -2.94614 -1.94601
237 14 -2.94614 -1.94601
237 15 -2.94614 -1.94601
238 0 -4.99051 -1.89944
238 1 -5.01131 -2.01027
238 2 -4.9886 -2.02044
238 3 -4.9886 -2.02044
238 4 -4.9886 -2.02044
238 5 -4.9886 -2.02044
238 6 -4.9886 -2.02044
238 7 -4.9886 -2.02044
238 8 -4.9886 -2.02044
238 9 -4.9886 -2.02044
238 10 -4.9886 -2.02044
238 11 -4.9886 -2.02044
238 12 -4.9886 -2.02044
238 13 -4.9886 -2.02044
238 14 -4.9886 -2.02044
238 15 -4.9886 -2.02044
239 0 -0.952368 5.07276
239 1 -0.953208 4.9837
239 2 -0.953208 4.9837
239 3 -0.953208 4.9837
239 4 -0.992896 4.97724
239 5 -0.994986 4.97574
239 6 -0.995404 4.97528
239 7 -0.995492 4.97518
239 8 -0.995489 4.97517
239 9 -0.99481 4.97475
239 10 -0.994948 4.97471
239 11 -0.99496 4.97469
239 12 -0.994959 4.97469
239 13 -0.994959 4.97469
239 14 -0.994959 4.97469
239 15 -0.994959 4.97469
240 0 2.04675 -1.8542
240 1 2.01283 -1.8451
240 2 1.9827 -1.84698
240 3 1.99972 -1.98142
240 4 1.99088 -1.99183
240 5 1.9914 -1.99124
240 6 1.99139 -1.99122
240 7 1.98962 -1.99018
240 8 1.98991 -1.98998
240 9 1.98992 -1.98996
240 10 1.98992 -1.98996
240 11 1.98992 -1.98996
240 12 1.98992 -1.98996
240 13 1.98992 -1.98996
240 14 1.98992 -1.98996
240 15 1.98992 -1.98996
241 0 -2.83507 -2.03595
241 1 -2.88675 -2.08469
241 2 -2.88675 -2.08469
241 3 -2.88675 -2.08469
241 4 -2.0678 -1.90491
241 5 -1.99383 -1.92117
241 6 -1.99383 -1.92117
241 7 -2.01492 -1.93639
241 8 -2.01959 -1.94782
241 9 -2.02094 -1.97912
241 10 -1.99143 -1.99015
241 11 -1.99 -1.99018
241 12 -1.98991 -1.98991
241 13 -1.98991 -1.98991
241 14 -1.98991 -1.98991
241 15 -1.98991 -1.98991
242 0 1.43907 -1.02746
242 1 1.06727 -1.11001
242 2 0.984451 -1.1094
242 3 0.984451 -1.1094
242 4 0.984451 -1.1094
242 5 0.984451 -1.1094
242 6 0.984451 -1.1094
242 7 0.984451 -1.1094
242 8 0.984451 -1.1094
242 9 0.984451 -1.1094
242 10 0.984451 -1.1094
242 11 0.984451 -1.1094
242 12 0.984451 -1.1094
242 13 0.984451 -1.1094
242 14 0.984451 -1.1094
242 15 0.984451 -1.1094
243 0 3.98575 -3.91887
243 1 2.85137 -3.85029
243 2 3.05847 -3.87622
243 3 3.04133 -3.86708
243 4 3.04133 -3.86708
243 5 3.04133 -3.86708
243 6 3.04501 -3.96616
243 7 3.04501 -3.96616
243 8 3.04501 -3.96616
243 9 3.04501 -3.96616
243 10 3.04501 -3.96616
243 11 3.04501 -3.96616
243 12 3.04501 -3.96616
243 13 3.04501 -3.96616
243 14 3.04501 -3.96616
243 15 3.04501 -3.96616
244 0 3.29982 -2.81644
244 1 1.34805 -0.21679
244 2 0.870082 -0.320541
244 3 0.870082 -0.320541
244 4 0.890686 0.107427
244 5 0.948706 0.0121628
244 6 0.999439 -0.0207392
244 7 0.999439 -0.0207392
244 8 0.997853 -0.0209219
244 9 0.995546 -0.0190884
244 10 0.995665 -0.0152293
244 11 0.995474 2.46235e-05
244 12 0.994958 -3.84145e-07
244 13 0.994959 4.02794e-08
244 14 0.994959 4.02794e-08
244 15 0.994959 4.02794e-08
245 0 0.95719 2.9638
245 1 0.956596 2.98873
245 2 0.956596 2.98873
245 3 0.956596 2.98873
245 4 0.973032 2.97114
245 5 0.974094 2.98701
245 6 0.974094 2.98701
245 7 0.974094 2.98701
245 8 0.974094 2.98701
245 9 0.975098 2.98666
245 10 0.99294 2.98112
245 11 0.995035 2.98108
245 12 0.994962 2.98155
245 13 0.994561 2.98479
245 14 0.994995 2.98485
245 15 0.99496 2.98485
246 0 4.01873 -0.976542
246 1 4.01978 -0.997022
246 2 4.01978 -0.997022
246 3 4.01978 -0.997022
246 4 4.01978 -0.997022
246 5 4.01978 -0.997022
246 6 4.01978 -0.997022
246 7 4.01978 -0.997022
246 8 4.01978 -0.997022
246 9 4.01978 -0.997022
246 10 4.01978 -0.997022
246 11 4.01978 -0.997022
246 12 4.01978 -0.997022
246 13 4.01978 -0.997022
246 14 4.01978 -0.997022
246 15 4.01978 -0.997022
247 0 1.95602 -3.00564
247 1 1.96532 -2.97602
247 2 1.9824 -2.99633
247 3 1.9824 -2.99633
247 4 1.9824 -2.99633
247 5 1.9824 -2.99633
247 6 1.9824 -2.99633
247 7 1.9824 -2.99633
247 8 1.9824 -2.99633
247 9 1.9824 -2.99633
247 10 1.9824 -2.99633
247 11 1.9824 -2.99633
247 12 1.9824 -2.99633
247 13 1.9824 -2.99633
247 14 1.9824 -2.99633
247 15 1.9824 -2.99633
248 0 4.17237 3.92584
248 1 4.0402 3.86103
248 2 4.03682 3.96432
248 3 4.03682 3.96432
248 4 4.03682 3.96432
248 5 4.02176 3.99081
248 6 4.02176 3.99081
248 7 4.02176 3.99081
248 8 4.02176 3.99081
248 9 4.02176 3.99081
248 10 4.02176 3.99081
248 11 4.02176 3.99081
248 12 4.02176 3.99081
248 13 4.02176 3.99081
248 14 4.02176 3.99081
248 15 4.02176 3.99081
249 0 -2.0912 3.96784
249 1 -2.08355 3.99681
249 2 -1.98917 3.94004
249 3 -1.97983 3.97131
249 4 -1.98548 3.97721
249 5 -1.98988 3.97945
249 6 -1.98986 3.9798
249 7 -1.98989 3.97979
249 8 -1.98991 3.97978
249 9 -1.98991 3.97978
249 10 -1.98991 3.97978
249 11 -1.98991 3.97978
249 12 -1.98991 3.97978
249 13 -1.98991 3.97978
249 14 -1.98991 3.97978
249 15 -1.98991 3.97978
250 0 3.02858 3.03173
250 1 3.01885 2.99095
250 2 2.99855 3.01034
250 3 2.99855 3.01034
250 4 2.99855 3.01034
250 5 2.99855 3.01034
250 6 2.99855 3.01034
250 7 2.99855 3.01034
250 8 2.99855 3.01034
250 9 2.99855 3.01034
250 10 2.99855 3.01034
250 11 2.99855 3.01034
250 12 2.99855 3.01034
250 13 2.99855 3.01034
250 14 2.99855 3.01034
250 15 2.99855 3.01034
251 0 0.963343 -0.944436
251 1 0.971058 -1.01833
251 2 1.00015 -1.01306
251 3 0.997649 -0.99571
251 4 0.997649 -0.99571
251 5 0.997649 -0.99571
251 6 0.997649 -0.99571
251 7 0.997649 -0.99571
251 8 0.997649 -0.99571
251 9 0.997649 -0.99571
251 10 0.997649 -0.99571
251 11 0.997649 -0.99571
251 12 0.997649 -0.99571
251 13 0.997649 -0.99571
251 14 0.997649 -0.99571
251 15 0.997649 -0.99571
252 0 -3.92001 0.290091
252 1 -3.80452 0.0588664
252 2 0.931872 -4.11789
252 3 0.931872 -4.11789
252 4 0.931872 -4.11789
252 5 0.931872 -4.11789
252 6 0.931872 -4.11789
252 7 0.931872 -4.11789
252 8 0.931872 -4.11789
252 9 0.931872 -4.11789
252 10 0.931872 -4.11789
252 11 0.931872 -4.11789
252 12 0.931872 -4.11789
252 13 0.931872 -4.11789
252 14 0.931872 -4.11789
252 15 0.931872 -4.11789
253 0 2.99571 -1.94929
253 1 2.99196 -1.94876
253 2 2.99196 -1.94876
253 3 2.99196 -1.94876
253 4 2.97477 -1.95358
253 5 2.97715 -1.96611
253 6 2.9893 -1.98997
253 7 2.984 -1.99017
253 8 2.98486 -1.9899
253 9 2.98486 -1.9899
253 10 2.98486 -1.9899
253 11 2.98486 -1.9899
253 12 2.98486 -1.9899
253 13 2.98486 -1.9899
253 14 2.98486 -1.9899
253 15 2.98486 -1.9899
254 0 -0.050073 -3.05886
254 1 -0.030496 -2.96716
254 2 -0.000842174 -2.99272
254 3 -0.000842174 -2.99272
254 4 -0.000842174 -2.99272
254 5 -0.000842174 -2.99272
254 6 -0.000842174 -2.99272
254 7 -0.000842174 -2.99272
254 8 -0.000842174 -2.99272
254 9 -0.000842174 -2.99272
254 10 -0.000842174 -2.99272
254 11 -0.000842174 -2.99272
254 12 -0.000842174 -2.99272
254 13 -0.000842174 -2.99272
254 14 -0.000842174 -2.99272
254 15 -0.000842174 -2.99272
255 0 1.27311 -0.956205
255 1 1.2178 -0.882917
255 2 0.979314 -0.86622
255 3 0.931919 -0.898827
255 4 0.94001 -0.914391
255 5 1.00855 -0.988304
255 6 0.99382 -0.995958
255 7 0.994963 -0.994718
255 8 0.994837 -0.994845
255 9 0.994839 -0.994843
255 10 0.994839 -0.994843
255 11 0.994839 -0.994843
255 12 0.994839 -0.994843
255 13 0.994839 -0.994843
255 14 0.994839 -0.994843
255 15 0.994839 -0.994843
