OptIndex Step X_0 X_1
0 0 -4.90717 -5.03112
0 1 -4.90717 -5.03112
0 2 1.9249 0.218968
0 3 1.9249 0.218968
1 0 -0.0122877 0.640635
1 1 -0.0224199 0.929184
1 2 -0.0454384 0.973842
1 3 -0.0454384 0.973842
2 0 -0.0243084 -3.05771
2 1 -0.0243084 -3.05771
2 2 -0.0243084 -3.05771
2 3 -0.0191094 -3.05895
3 0 5.00349 -2.99174
3 1 4.94665 -0.187218
3 2 4.94665 -0.187218
3 3 4.94665 -0.187218
4 0 5.00804 -3.92715
4 1 5.02206 -3.97319
4 2 5.02206 -3.97319
4 3 5.02206 -3.97319
5 0 3.06759 -0.0776758
5 1 3.00175 -0.0855874
5 2 3.00042 0.0325296
5 3 2.9883 -0.00307497
6 0 -3.91186 -0.186583
6 1 -3.91186 -0.186583
6 2 -3.98864 -0.0368329
6 3 -3.98094 0.012194
7 0 -0.954181 4.99767
7 1 -0.978978 4.97283
7 2 -0.988765 4.96855
7 3 -0.992936 4.96889
8 0 2.01674 0.0323446
8 1 1.99087 0.0131702
8 2 1.99527 0.0047736
8 3 1.99527 0.0047736
9 0 0.538941 -1.94906
9 1 0.953551 -1.90629
9 2 0.953551 -1.90629
9 3 0.953551 -1.90629
10 0 -1.1238 -1.16563
10 1 -0.975561 -1.18947
10 2 -1.0494 -1.16344
10 3 -1.10159 -1.04418
11 0 -3.16722 0.142635
11 1 -3.0197 0.181986
11 2 -3.0197 0.181986
11 3 -3.0197 0.181986
12 0 -4.99137 1.99829
12 1 -4.99129 1.99142
12 2 -4.98812 1.99691
12 3 -4.97866 1.98591
13 0 3.20762 3.94418
13 1 3.20762 3.94418
13 2 3.20954 3.97686
13 3 3.20301 3.95661
14 0 0.968238 -0.307102
14 1 0.939156 -0.0710832
14 2 0.939156 -0.0710832
14 3 0.992208 -0.0721944
15 0 3.20493 1.78124
15 1 3.20911 1.94799
15 2 3.20911 1.94799
15 3 3.20911 1.94799
16 0 3.57593 -2.93196
16 1 4.19467 -2.83768
16 2 4.17993 -2.99367
16 3 4.02689 -2.97453
17 0 1.02544 1.94117
17 1 1.03763 1.95523
17 2 1.04168 1.96149
17 3 1.04168 1.96149
18 0 2.02436 -1.03933
18 1 2.00885 -1.04485
18 2 1.99985 -1.00457
18 3 1.99985 -1.00457
19 0 -2.96743 3.01031
19 1 -2.96743 3.01031
19 2 -2.96743 3.01031
19 3 -2.96743 3.01031
20 0 -1.98265 -3.12658
20 1 -1.90925 -3.0021
20 2 -1.9576 -2.97077
20 3 -1.96722 -2.9623
21 0 2.03449 -0.510269
21 1 2.00972 -2.05886
21 2 2.00975 -1.99789
21 3 1.98249 -1.99077
22 0 -1.85419 2.11883
22 1 -1.83048 2.04163
22 2 -1.83048 2.04163
22 3 -1.83048 2.04163
23 0 -1.94302 4.70853
23 1 -1.94103 4.9881
23 2 -1.94103 4.9881
23 3 -1.97926 4.9763
24 0 3.99823 2.88349
24 1 4.00886 2.97282
24 2 3.98877 2.99615
24 3 3.97358 2.99188
25 0 -4.99612 -3.0069
25 1 -4.99612 -3.0069
25 2 -4.99612 -3.0069
25 3 -4.99612 -3.0069
26 0 -5.03062 -0.130805
26 1 -5.03053 0.00519422
26 2 -4.95389 0.00190323
26 3 -4.97436 0.000623798
27 0 -3.02041 0.670793
27 1 -3.10079 1.09019
27 2 -3.10079 1.09019
27 3 -3.10079 1.09019
28 0 -1.82228 0.938714
28 1 -1.82564 1.02339
28 2 -1.90353 0.94967
28 3 -1.90353 0.94967
29 0 -1.12 3.15022
29 1 -1.12 3.15022
29 2 -1.12 3.15022
29 3 -1.1191 3.01991
30 0 1.05073 -1.93428
30 1 0.998891 -1.96994
30 2 1.00439 -1.97983
30 3 1.00439 -1.97983
31 0 3.86378 1.16938
31 1 3.86915 1.01539
31 2 3.94824 1.02098
31 3 3.98246 0.992156
32 0 -1.20654 -0.9609
32 1 -1.07373 -0.913587
32 2 -1.07303 -0.977303
32 3 -1.07303 -0.977303
33 0 3.92171 -3.99898
33 1 3.9349 -3.9532
33 2 3.96718 -4.0046
33 3 3.96718 -4.0046
34 0 3.56513 -3.01217
34 1 3.89115 -3.06527
34 2 3.89115 -3.06527
34 3 3.89115 -3.06527
35 0 -2.96752 0.0502109
35 1 -2.96995 0.0508957
35 2 -2.96995 0.0508957
35 3 -2.96995 0.0508957
36 0 3.9678 -2.95091
36 1 3.97708 -2.94947
36 2 3.98544 -2.98054
36 3 3.98544 -2.98054
37 0 4.06998 -2.94434
37 1 3.98407 -2.97683
37 2 3.98617 -2.98015
37 3 3.98617 -2.98015
38 0 -5.00969 1.87731
38 1 -5.00598 1.96212
38 2 -4.99725 1.95637
38 3 -4.99725 1.95637
39 0 -1.01529 1.97364
39 1 -1.00423 1.97019
39 2 -1.00423 1.97019
39 3 -1.00423 1.97019
40 0 -0.510276 -0.0677803
40 1 -0.909188 0.0625484
40 2 -0.909188 0.0625484
40 3 -0.909188 0.0625484
41 0 -4.17401 3.14698
41 1 -4.17742 2.93184
41 2 -4.17742 2.93184
41 3 -3.9906 3.09053
42 0 2.7957 2.36707
42 1 2.79088 2.0017
42 2 2.79088 2.0017
42 3 -1.11441 -0.0859111
43 0 0.921128 -5.92883
43 1 0.920045 -5.97943
43 2 0.937139 -6.00237
43 3 0.962949 -6.02309
44 0 -2.96845 -2.97008
44 1 -2.99159 -2.98976
44 2 -2.9858 -2.98374
44 3 -2.9859 -2.98385
45 0 -2.78193 -3.0755
45 1 -2.79917 -2.96159
45 2 -2.99322 -3.0399
45 3 -2.97963 -2.96523
46 0 -1.89605 -0.941979
46 1 -1.99673 -0.970588
46 2 -1.98619 -0.984843
46 3 -1.98349 -0.987249
47 0 2.0799 3.01454
47 1 2.08083 3.01148
47 2 2.08083 3.01148
47 3 2.08083 3.01148
48 0 2.93596 -0.0217942
48 1 2.96184 0.0121596
48 2 2.98241 -0.0101314
48 3 2.98241 -0.0101314
49 0 3.98964 -0.513692
49 1 3.98304 -2.76865
49 2 3.98304 -2.76865
49 3 3.98304 -2.76865
50 0 0.962237 0.0437262
50 1 0.979763 0.0505905
50 2 0.992593 0.000906673
50 3 0.992593 0.000906673
51 0 -5.01055 0.116509
51 1 -5.01055 0.116509
51 2 -4.99267 -0.00566992
51 3 -4.99267 -0.00566992
52 0 4.95265 -2.51845
52 1 4.9627 -3.08722
52 2 4.96418 -2.96314
52 3 4.98121 -2.99062
53 0 -2.92652 -3.49676
53 1 -2.9538 0.452769
53 2 -2.95482 0.0196978
53 3 -2.96065 -0.00589527
54 0 -1.96114 -5.03476
54 1 -1.96098 -4.98731
54 2 -2.00025 -4.98552
54 3 -1.98976 -4.97526
55 0 0.0879566 4.88936
55 1 0.087533 4.97105
55 2 0.0276215 4.95705
55 3 0.00168078 4.96634
56 0 -2.9897 -1.01195
56 1 -2.9897 -0.992808
56 2 -2.9897 -0.992808
56 3 -2.9897 -0.992808
57 0 1.90126 -3.14127
57 1 1.90626 -2.98566
57 2 1.97227 -3.02956
57 3 1.97227 -3.02956
58 0 -2.01731 -2.97857
58 1 -1.99651 -2.9695
58 2 -1.99596 -2.98285
58 3 -1.99596 -2.98285
59 0 -3.02677 4.58326
59 1 -3.02431 5.00284
59 2 -3.01325 4.96077
59 3 -2.99496 4.95273
60 0 -3.94063 0.0342008
60 1 -3.93905 0.00383967
60 2 -3.93905 0.00383967
60 3 -3.93905 0.00383967
61 0 -2.04685 -3.92844
61 1 -2.04645 -3.99517
61 2 -2.0054 -3.9878
61 3 -1.99063 -3.97581
62 0 -4.94302 0.155697
62 1 -5.02569 0.125052
62 2 -4.94382 -0.037502
62 3 -4.94382 -0.037502
63 0 -3.96387 4.97114
63 1 -3.96439 4.97574
63 2 -4.15242 4.06271
63 3 -4.15242 4.06271
64 0 4.05555 4.93217
64 1 3.98355 4.93226
64 2 3.98355 4.98306
64 3 3.97935 4.97447
65 0 -1.68959 1.93676
65 1 -2.02821 1.81568
65 2 -2.02821 1.81568
65 3 -2.02821 1.81568
66 0 1.39237 -2.92748
66 1 0.89735 -3.09491
66 2 -0.818816 -1.95392
66 3 -0.818816 -1.95392
67 0 -3.96279 3.11046
67 1 -4.02205 3.06404
67 2 -3.99722 2.97123
67 3 -3.99722 2.97123
68 0 -3.17522 0.810635
68 1 -2.98831 0.753629
68 2 -3.08466 0.808151
68 3 -3.11242 0.951934
69 0 4.99419 3.18426
69 1 4.17057 3.88245
69 2 4.02063 3.9181
69 3 4.02063 3.9181
70 0 0.997373 -1.93657
70 1 0.994588 -1.99649
70 2 0.992546 -1.99507
70 3 0.992546 -1.99507
71 0 1.03186 -0.0256838
71 1 1.02938 0.0129976
71 2 1.01014 -0.00585703
71 3 1.01014 -0.00585726
72 0 -3.9231 -3.94962
72 1 -3.92766 -3.94362
72 2 -3.92979 -3.941
72 3 -3.93883 -3.93248
73 0 -2.97065 3.63868
73 1 -3.00361 4.07623
73 2 -3.00361 4.07623
73 3 -2.98695 3.94891
74 0 4.20393 -2.11502
74 1 4.20352 -2.02048
74 2 4.02182 -2.01465
74 3 3.96418 -1.98559
75 0 -0.996714 -3.82276
75 1 -0.992 -4.0426
75 2 -0.96851 -4.02708
75 3 -0.992306 -4.02292
76 0 -1.07911 -0.987784
76 1 -1.06494 -1.02232
76 2 -1.06494 -1.02232
76 3 -1.0304 -1.05225
77 0 -2.61208 0.0125677
77 1 -3.00586 0.130835
77 2 -3.00586 0.130835
77 3 -2.99611 0.131425
78 0 -2.92689 4.99965
78 1 -2.92474 4.97487
78 2 -2.92474 4.97487
78 3 -2.92474 4.97487
79 0 2.96326 1.98339
79 1 2.96285 1.98713
79 2 2.96285 1.98713
79 3 2.96285 1.98713
80 0 -3.66245 1.042
80 1 -3.98529 1.17404
80 2 -3.98529 1.17404
80 3 -3.98529 1.17404
81 0 5.00434 -0.0628632
81 1 4.9656 -0.0412324
81 2 4.9656 -0.0412324
81 3 4.9656 -0.0412324
82 0 4.0153 -4.04599
82 1 3.97557 -4.02752
82 2 3.97557 -4.02752
82 3 3.97744 -4.02758
83 0 3.17357 0.240848
83 1 3.00655 0.313246
83 2 2.87588 0.198095
83 3 2.85774 -0.0458738
84 0 0.498329 3.96506
84 1 -1.25292 4.06304
84 2 -0.981973 4.03951
84 3 -0.987851 4.04018
85 0 2.01993 1.00107
85 1 2 1.01218
85 2 2 1.01218
85 3 2 1.01218
86 0 0.192047 5.19175
86 1 0.0337585 5.2484
86 2 0.767293 5.07834
86 3 -3.033 3.71758
87 0 1.96806 4.01673
87 1 1.97462 4.01901
87 2 1.98688 3.97161
87 3 1.98563 3.97231
88 0 0.941027 -2.84025
88 1 0.927026 -2.97374
88 2 0.978764 -2.9865
88 3 0.988624 -2.9945
89 0 -0.941141 -1.94929
89 1 -0.968441 -1.98786
89 2 -0.984892 -1.97079
89 3 -0.984892 -1.97079
90 0 -3.94484 0.0332011
90 1 -3.94352 0.0031066
90 2 -3.94352 0.0031066
90 3 -3.94352 0.00310642
91 0 -2.00395 -1.96284
91 1 -1.99293 -1.96066
91 2 -1.98724 -1.98031
91 3 -1.98315 -1.98476
92 0 2.0058 5.16082
92 1 1.94545 5.13445
92 2 2.01137 4.98468
92 3 2.01137 4.98468
93 0 3.9225 -2.42613
93 1 3.93029 -1.13553
93 2 3.94187 -1.13882
93 3 3.94187 -1.13882
94 0 -4.01176 4.54645
94 1 -4.008 5.17596
94 2 -3.99666 4.97554
94 3 -3.98117 4.97119
95 0 0.754384 -3.08415
95 1 0.740497 -3.0228
95 2 0.740497 -3.0228
95 3 0.989261 -2.97161
96 0 3.96236 -1.03887
96 1 3.96071 -0.996125
96 2 3.96071 -0.996125
96 3 3.97431 -0.990325
97 0 2.0162 2.76455
97 1 2.01773 2.98436
97 2 2.01773 2.98436
97 3 1.99222 2.9812
98 0 -2.95424 -2.9868
98 1 -2.95439 -2.98376
98 2 -2.95455 -2.9862
98 3 -2.97314 -2.96711
99 0 -1.16299 -3.91866
99 1 -1.0423 -3.90955
99 2 -0.981031 -3.97009
99 3 -0.99595 -3.98117
100 0 3.04518 -0.0218158
100 1 2.99802 -0.04654
100 2 2.98932 0.00289019
100 3 2.98932 0.00289009
101 0 -3.83732 -1.06681
101 1 -3.99343 -1.05453
101 2 -3.9884 -0.993938
101 3 -3.9828 -0.999405
102 0 -1.07597 3.91892
102 1 -0.992738 3.95393
102 2 -1.0033 3.97282
102 3 -1.0033 3.97282
103 0 -4.98532 -5.03508
103 1 -4.92943 -4.03799
103 2 -4.92931 -3.99197
103 3 -4.96517 -3.9639
104 0 -0.953659 3.99234
104 1 -0.976795 3.972
104 2 -0.976795 3.972
104 3 -0.976795 3.972
105 0 5.00686 -3.92112
105 1 5.00686 -3.92112
105 2 5.00686 -3.92112
105 3 5.00686 -3.92112
106 0 0.819057 -1.84505
106 1 0.818403 -1.95507
106 2 0.849098 -2.01982
106 3 0.9308 -2.02236
107 0 0.793883 -3.067
107 1 0.896559 -3.12047
107 2 0.896559 -3.12047
107 3 0.896559 -3.12047
108 0 3.08205 3.10942
108 1 3.08205 3.10942
108 2 3.08205 3.10942
108 3 3.06915 2.92677
109 0 3.92666 -0.00845822
109 1 3.94757 -0.0288697
109 2 3.94757 -0.0288697
109 3 3.94836 -0.0296977
110 0 1.97669 -1.93523
110 1 1.98149 -1.93439
110 2 2.00269 -1.99789
110 3 2.00269 -1.99789
111 0 4.67707 -5.03612
111 1 4.96334 -5.18517
111 2 4.96334 -5.18517
111 3 4.96334 -5.18517
112 0 -4.93836 1.95576
112 1 -4.9746 1.96527
112 2 -4.97131 1.99474
112 3 -4.97132 1.99474
113 0 -1.04023 0.105258
113 1 -1.04023 0.105258
113 2 -1.0122 0.0251683
113 3 -1.00634 0.00186414
114 0 2.89452 -3.97865
114 1 2.91693 -4.01446
114 2 2.93918 -4.03198
114 3 2.9394 -4.03216
115 0 3.89396 0.150415
115 1 3.89396 0.150415
115 2 3.96495 0.150217
115 3 3.96495 0.150217
116 0 2.9552 -2.01756
116 1 2.96612 -1.98474
116 2 2.98109 -1.99971
116 3 2.98109 -1.99971
117 0 -4.01463 -3.03827
117 1 -3.98686 -2.99931
117 2 -3.98686 -2.99931
117 3 -3.98686 -2.99931
118 0 -3.96904 1.99049
118 1 -3.96908 1.98959
118 2 -3.96916 1.99084
118 3 -3.97442 1.99528
119 0 0.0419485 -1.04209
119 1 0.0332313 -1.00155
119 2 0.00262605 -1.01757
119 3 0.00661016 -0.994975
120 0 2.88265 -2.21462
120 1 3.00585 -2.21617
120 2 2.97376 -1.98309
120 3 2.98739 -1.99102
121 0 1.02918 -2.0002
121 1 1.02136 -1.98163
121 2 1.01858 -1.99447
121 3 -0.0165289 -0.954619
122 0 -0.0151783 3.01013
122 1 -0.0160364 2.99061
122 2 0.00660909 2.9885
122 3 -0.00127287 2.9872
123 0 -0.0479587 -4.15875
123 1 -0.0479587 -4.15875
123 2 -0.0479587 -4.15875
123 3 -0.0479587 -4.15875
124 0 4.95533 -4.99419
124 1 4.96902 -4.9782
124 2 4.96997 -4.9791
124 3 4.97006 -4.97919
125 0 2.80545 -0.196509
125 1 2.83382 -0.219206
125 2 2.83382 -0.219206
125 3 2.828 -0.0491961
126 0 0.0195316 -4.90655
126 1 -0.0217963 -4.95625
126 2 0.00348985 -4.97886
126 3 -0.00065118 -4.97601
127 0 -1.94089 -3.98643
127 1 -1.96092 -4.00447
127 2 -1.96092 -4.00447
127 3 -1.96424 -3.97744
128 0 4.29845 -1.95322
128 1 4.19812 -1.8431
128 2 3.89698 -1.83531
128 3 3.94464 -1.99055
129 0 3.17377 2.83819
129 1 3.17377 2.83819
129 2 3.17377 2.83819
129 3 3.17377 2.83819
130 0 -1.10796 4.90897
130 1 -1.10796 4.90897
130 2 -1.10796 4.90897
130 3 -1.02364 4.99511
131 0 -3.0745 -1.93865
131 1 -3.02192 -1.90594
131 2 -3.03343 -1.9665
131 3 -3.03343 -1.9665
132 0 4.56876 -2.94787
132 1 4.6407 -2.8737
132 2 4.0217 -3.67718
132 3 4.0217 -3.67718
133 0 -2.90021 -0.000589221
133 1 -2.91991 0.0286997
133 2 -2.92017 -0.00151216
133 3 -2.95522 0.0353059
134 0 4.00594 -0.951428
134 1 4.01362 -1.0041
134 2 4.01362 -1.0041
134 3 4.01362 -1.0041
135 0 5.87686 -3.87968
135 1 5.87686 -3.87968
135 2 0.625366 -5.24074
135 3 0.625366 -5.24074
136 0 3.9609 4.95875
136 1 3.95777 4.96816
136 2 3.95777 4.96816
136 3 3.95777 4.96816
137 0 -2.88463 2.92695
137 1 -2.96307 2.94018
137 2 -2.96307 2.94018
137 3 -2.96307 2.94018
138 0 4.99892 -0.0479625
138 1 4.99999 -0.00794906
138 2 4.12497 0.0336632
138 3 4.12497 0.0336632
139 0 -4.04007 2.8705
139 1 -1.76466 2.08958
139 2 -0.672468 0.905909
139 3 -0.672468 0.905909
140 0 -0.613576 0.119234
140 1 -0.584958 -0.0117552
140 2 -0.584958 -0.0117552
140 3 -0.584569 -0.00365309
141 0 2.00483 3.95199
141 1 1.98934 3.99152
141 2 1.98655 3.99071
141 3 1.99396 3.97761
142 0 -4.80822 -2.76798
142 1 -4.80822 -2.76798
142 2 -4.99193 -2.7987
142 3 -4.94106 -2.97879
143 0 -1.81847 -0.00900803
143 1 -1.86027 0.0641851
143 2 -1.8853 0.0937833
143 3 -1.91089 0.111546
144 0 -4.20562 -2.6904
144 1 -4.21942 -3.08953
144 2 -4.21942 -3.08953
144 3 -4.21942 -3.08953
145 0 2.93125 4.006
145 1 2.93125 4.006
145 2 2.93125 4.006
145 3 3.00262 3.99056
146 0 -1.86112 0.178592
146 1 -1.99352 0.191386
146 2 -1.88123 0.0289007
146 3 -1.88123 0.0289007
147 0 -4.97843 0.982762
147 1 -4.97843 0.982762
147 2 -4.97843 0.982762
147 3 -4.97843 0.982762
148 0 2.99658 -4.01691
148 1 2.9947 -4.01737
148 2 2.97735 -3.96853
148 3 2.97735 -3.96853
149 0 -1.7233 -0.860648
149 1 -1.7233 -0.860648
149 2 -2.03133 -1.05535
149 3 -2.03815 -1.04887
150 0 -4.57322 -3.85202
150 1 -4.88703 -3.81308
150 2 -4.9056 -3.94388
150 3 -4.96211 -3.93126
151 0 -4.15999 -0.178603
151 1 -3.97335 -0.230858
151 2 -4.0349 -0.20348
151 3 -4.06445 -0.0663163
152 0 0.0670312 3.70256
152 1 0.0670312 3.70256
152 2 0.0717607 3.70505
152 3 -0.0122121 3.80105
153 0 -1.94366 3.77772
153 1 -1.94189 3.9882
153 2 -1.94189 3.9882
153 3 -1.99114 3.95484
154 0 -5.02159 4.86804
154 1 -5.02287 4.94432
154 2 -5.02287 4.94432
154 3 -4.98119 4.9713
155 0 -3.40387 1.03394
155 1 -3.10718 1.13893
155 2 -3.10718 1.13893
155 3 -2.95755 1.13869
156 0 -4.94701 -4.98433
156 1 -4.91333 -2.15484
156 2 -4.91333 -2.15484
156 3 -4.91333 -2.15484
157 0 -2.01504 -0.0269813
157 1 -1.99449 0.0171791
157 2 -2.00031 0.00407999
157 3 -1.9967 0.00307358
158 0 -2.02071 -0.966912
158 1 -2.00096 -1.00068
158 2 -1.99548 -0.993462
158 3 -1.99075 -0.99823
159 0 -3.87198 3.14884
159 1 -3.87198 3.14884
159 2 -3.8768 3.01778
159 3 -3.91275 3.05196
160 0 0.547243 -1.93882
160 1 1.04722 -1.8752
160 2 0.991181 -1.988
160 3 0.99108 -1.98823
161 0 -0.772374 -3.00485
161 1 -0.940779 -3.13949
161 2 -0.933778 -2.97782
161 3 -0.933778 -2.97782
162 0 3.96121 3.92379
162 1 3.96682 3.92247
162 2 3.96682 3.92247
162 3 3.99723 3.93915
163 0 5.01391 2.74855
163 1 5.06294 2.90994
163 2 4.99065 2.93829
163 3 4.99065 2.93829
164 0 4.46219 3.93716
164 1 -0.974098 3.03125
164 2 -0.974098 3.03125
164 3 -0.974098 3.03125
165 0 2.02097 0.991563
165 1 2.02081 0.996923
165 2 2.02015 0.990839
165 3 2.00244 1.01058
166 0 2.89525 -1.09876
166 1 2.89048 -1.01271
166 2 2.89048 -1.01271
166 3 2.89048 -1.01271
167 0 -0.0461146 0.315252
167 1 -0.0469724 -0.00316954
167 2 -0.0469724 -0.00316954
167 3 0.00133423 0.00493771
168 0 0.963175 -0.53235
168 1 0.996195 -0.532042
168 2 0.991402 -1.11882
168 3 0.993362 -1.00264
169 0 -2.03415 -1.08173
169 1 -2.01794 -0.971276
169 2 -1.99163 -0.992296
169 3 -1.99045 -0.991958
170 0 3.00652 0.0189709
170 1 3.01018 0.0073547
170 2 3.01018 0.0073547
170 3 3.01018 0.0073547
171 0 2.02771 4.62778
171 1 2.03001 5.08311
171 2 2.03001 5.08311
171 3 2.02731 4.94699
172 0 -4.06509 -2.31659
172 1 -4.09922 -2.07667
172 2 -4.10746 -2.01343
172 3 -4.10746 -2.01343
173 0 -3.90186 5.26216
173 1 -3.90186 5.26216
173 2 -3.90186 5.26216
173 3 -3.90186 5.26216
174 0 0.849888 0.318028
174 1 0.846858 -0.131781
174 2 0.846858 -0.131781
174 3 0.958345 -0.0439466
175 0 0.797651 3.97053
175 1 0.846128 3.88626
175 2 0.906732 3.83398
175 3 0.906732 3.83398
176 0 3.9191 4.56808
176 1 3.92234 5.16012
176 2 3.94448 4.95862
176 3 3.97524 4.95838
177 0 1.94238 -4.01891
177 1 1.94238 -4.01891
177 2 1.95235 -4.02586
177 3 1.95235 -4.02586
178 0 -4.01805 1.60186
178 1 -4.02882 1.93089
178 2 -4.02487 1.99495
178 3 -3.99753 1.96757
179 0 4.99587 0.439834
179 1 4.99587 0.439834
179 2 5.87461 -0.111683
179 3 5.87461 -0.111683
180 0 4.09457 -2.9299
180 1 3.96635 -2.96684
180 2 3.98392 -2.99098
180 3 3.97961 -2.98914
181 0 2.05568 3.94404
181 1 2.05568 3.94404
181 2 2.05568 3.94404
181 3 2.05568 3.94404
182 0 3.98598 3.0913
182 1 3.98028 2.96923
182 2 3.9707 2.97746
182 3 3.97411 2.9758
183 0 -1.98832 2.88565
183 1 -1.98878 3.00948
183 2 -1.98945 2.97968
183 3 -1.98964 2.98486
184 0 1.43191 2.03138
184 1 0.833139 2.18806
184 2 1.02145 2.16711
184 3 1.02145 2.16711
185 0 3.92895 -1.93444
185 1 3.95287 -2.01549
185 2 3.98309 -1.99731
185 3 3.98309 -1.99731
186 0 -0.248528 4.13835
186 1 -0.251439 3.96624
186 2 -0.251439 3.96624
186 3 -0.251439 3.96624
187 0 -2.8016 2.9357
187 1 -2.84366 2.88165
187 2 -2.84366 2.88165
187 3 -2.87819 3.00413
188 0 3.01786 -1.93475
188 1 -0.892654 0.796821
188 2 -0.892654 0.796821
188 3 -0.892654 0.796821
189 0 2.03164 3.90527
189 1 2.03164 3.90527
189 2 2.03057 3.97249
189 3 2.03057 3.97249
190 0 -4.98656 -2.02278
190 1 -4.98656 -2.02278
190 2 -4.98656 -2.02278
190 3 -4.98656 -2.02278
191 0 -1.9072 -1.96824
191 1 -1.98128 -1.99258
191 2 -1.98128 -1.99258
191 3 -1.98128 -1.99258
192 0 -3.07121 0.0502117
192 1 -3.07121 0.0502117
192 2 -3.07597 0.00839001
192 3 -3.05978 -0.0355811
193 0 -2.5165 -2.01464
193 1 -4.02659 -1.95228
193 2 -3.96117 -1.96671
193 3 -3.98441 -1.96519
194 0 -0.984887 -1.99614
194 1 -0.989901 -1.98634
194 2 -0.993284 -1.99301
194 3 -0.995464 -1.99006
195 0 -5.01531 0.376265
195 1 -5.01531 0.376265
195 2 -5.01531 0.376265
195 3 -5.01531 0.376265
196 0 -0.944813 -0.957106
196 1 -0.985437 -0.95531
196 2 -0.991304 -0.954536
196 3 -0.991304 -0.954536
197 0 -5.24449 1.02889
197 1 -5.17379 0.0221914
197 2 -5.17379 0.0221914
197 3 -5.17401 0.00535693
198 0 -2.96498 1.4741
198 1 -2.97106 -2.06222
198 2 -2.97155 -1.97655
198 3 -2.99141 -1.99075
199 0 1.03987 -0.0502111
199 1 1.01213 0.00440249
199 2 1.00234 -0.00435218
199 3 1.00234 -0.00435218
200 0 -3.02373 2.03288
200 1 -2.98919 2.01151
200 2 -2.99577 1.98529
200 3 -2.9911 1.98181
201 0 -1.65641 -3.88874
201 1 -1.65276 -3.97188
201 2 -0.878138 -3.13877
201 3 -0.878138 -3.13877
202 0 2.99286 -4.07941
202 1 3.01403 -3.98772
202 2 3.01403 -3.98772
202 3 3.01403 -3.98772
203 0 -2.11101 2.48513
203 1 -2.06794 -0.142326
203 2 -2.06632 0.000253595
203 3 -2.00969 -0.046989
204 0 3.39366 2.92635
204 1 0.876009 2.03176
204 2 0.876009 2.03176
204 3 0.876009 2.03176
205 0 -5.16953 -1.88836
205 1 -5.16842 -1.98266
205 2 -4.97392 -1.91847
205 3 -4.98516 -1.98365
206 0 0.972542 -0.959816
206 1 1.00589 -0.977586
206 2 1.00589 -0.977586
206 3 1.00589 -0.977586
207 0 -2.04162 3.43886
207 1 -2.04373 2.99888
207 2 -2.04373 2.99888
207 3 -2.04373 2.99888
208 0 4.03394 0.665303
208 1 4.03394 0.665303
208 2 3.99621 0.91964
208 3 3.98307 0.988223
209 0 -0.78503 1.16249
209 1 -0.78773 1.01725
209 2 -0.94955 1.06483
209 3 -1.00541 1.05229
210 0 0.719372 1.93509
210 1 0.980278 1.78357
210 2 0.980278 1.78357
210 3 1.05806 1.81152
211 0 2.93362 2.60748
211 1 2.93481 2.93423
211 2 2.93679 2.93238
211 3 2.98331 2.94512
212 0 0.960645 -2.92656
212 1 0.976765 -2.92112
212 2 0.996619 -2.99689
212 3 0.996619 -2.99689
213 0 1.17177 -2.8948
213 1 1.13539 -2.85365
213 2 -1.0459 -1.07704
213 3 -1.0459 -1.07704
214 0 -1.92797 -3.98982
214 1 -1.92768 -3.98513
214 2 -1.85085 -2.91172
214 3 -1.84939 -2.9849
215 0 -0.00824573 -0.0282023
215 1 -0.00240267 -0.028872
215 2 0.00253487 -0.0285629
215 3 -0.000746793 -0.0242744
216 0 -2.40106 -2.03453
216 1 -2.12446 -2.1588
216 2 -2.12446 -2.1588
216 3 -2.12446 -2.1588
217 0 -3.79353 1.13199
217 1 -3.94805 1.17811
217 2 2.00502 1.95489
217 3 2.00502 1.95489
218 0 1.51309 -1.02071
218 1 2.05378 -1.02227
218 2 1.99205 -1.01764
218 3 1.99029 -0.987579
219 0 2.53948 -1.03695
219 1 2.53688 -0.998775
219 2 2.04706 -1.22201
219 3 2.04706 -1.22201
220 0 -3.9334 0.0270387
220 1 -3.94898 0.0394828
220 2 -3.94898 0.0394828
220 3 -3.94898 0.0394828
221 0 -2.0271 -3.01533
221 1 -2.02915 -2.99219
221 2 -2.02915 -2.99219
221 3 -2.02915 -2.99219
222 0 4.0168 -0.0143797
222 1 4.01574 0.00774267
222 2 4.00375 -0.0195468
222 3 3.98105 0.00884125
223 0 -0.048674 3.21006
223 1 0.020526 3.19581
223 2 0.020526 3.19581
223 3 0.020526 3.19581
224 0 2.03438 2.02783
224 1 2.03438 2.02783
224 2 2.03283 2.02949
224 3 2.03137 2.03094
225 0 -0.903591 -5.00439
225 1 -0.903591 -5.00439
225 2 -1.01422 -4.97252
225 3 -1.00339 -4.98265
226 0 2.61844 2.95957
226 1 2.62038 2.99427
226 2 2.63602 3.02906
226 3 2.85289 3.18096
227 0 -0.861344 0.935858
227 1 -0.956198 0.885908
227 2 -0.956198 0.885908
227 3 -0.956198 0.885908
228 0 -0.902742 0.333597
228 1 -0.902742 0.333597
228 2 -0.902742 0.333597
228 3 -0.902742 0.333597
229 0 1.48965 2.03936
229 1 -0.197376 1.85393
229 2 -0.197376 1.85393
229 3 -0.135838 2.0316
230 0 -2.03453 -4.64983
230 1 -2.03929 -5.13328
230 2 -2.03929 -5.13328
230 3 -1.98874 -5.13342
231 0 3.00275 0.986398
231 1 2.98839 0.982163
231 2 2.98533 0.997331
231 3 2.98619 0.996765
232 0 4.05071 -4.99811
232 1 4.05071 -4.99811
232 2 4.05071 -4.99811
232 3 4.04729 -5.00568
233 0 -1.9345 -1.03204
233 1 -1.98747 -1.02619
233 2 -1.9861 -0.984111
233 3 -1.9861 -0.984111
234 0 -4.03743 -3.70612
234 1 -3.94818 -3.72209
234 2 -3.94818 -3.72209
234 3 -3.99595 -3.93445
235 0 4.68401 -2.79566
235 1 5.03296 -2.69958
235 2 4.85541 -2.22301
235 3 5.09848 -2.0979
236 0 -0.965835 -0.997965
236 1 -0.98295 -1.01534
236 2 -0.983596 -1.01237
236 3 -0.998146 -0.999826
237 0 -2.92854 -1.96415
237 1 -2.93783 -1.9542
237 2 -2.93868 -1.95316
237 3 -2.94614 -1.94601
238 0 -4.99051 -1.89944
238 1 -5.01131 -2.01027
238 2 -4.9886 -2.02044
238 3 -4.9886 -2.02044
239 0 -0.952368 5.07276
239 1 -0.953208 4.9837
239 2 -0.953208 4.9837
239 3 -0.953208 4.9837
240 0 2.04675 -1.8542
240 1 2.01283 -1.8451
240 2 1.9827 -1.84698
240 3 1.99972 -1.98142
241 0 -2.83507 -2.03595
241 1 -2.88675 -2.08469
241 2 -2.88675 -2.08469
241 3 -2.88675 -2.08469
242 0 1.43907 -1.02746
242 1 1.06727 -1.11001
242 2 0.984451 -1.1094
242 3 0.984451 -1.1094
243 0 3.98575 -3.91887
243 1 2.85137 -3.85029
243 2 3.05847 -3.87622
243 3 3.04133 -3.86708
244 0 3.29982 -2.81644
244 1 1.34805 -0.21679
244 2 0.870082 -0.320541
244 3 0.870082 -0.320541
245 0 0.95719 2.9638
245 1 0.956596 2.98873
245 2 0.956596 2.98873
245 3 0.956596 2.98873
246 0 4.01873 -0.976542
246 1 4.01978 -0.997022
246 2 4.01978 -0.997022
246 3 4.01978 -0.997022
247 0 1.95602 -3.00564
247 1 1.96532 -2.97602
247 2 1.9824 -2.99633
247 3 1.9824 -2.99633
248 0 4.17237 3.92584
248 1 4.0402 3.86103
248 2 4.03682 3.96432
248 3 4.03682 3.96432
249 0 -2.0912 3.96784
249 1 -2.08355 3.99681
249 2 -1.98917 3.94004
249 3 -1.97983 3.97131
250 0 3.02858 3.03173
250 1 3.01885 2.99095
250 2 2.99855 3.01034
250 3 2.99855 3.01034
251 0 0.963343 -0.944436
251 1 0.971058 -1.01833
251 2 1.00015 -1.01306
251 3 0.997649 -0.99571
252 0 -3.92001 0.290091
252 1 -3.80452 0.0588664
252 2 0.931872 -4.11789
252 3 0.931872 -4.11789
253 0 2.99571 -1.94929
253 1 2.99196 -1.94876
253 2 2.99196 -1.94876
253 3 2.99196 -1.94876
254 0 -0.050073 -3.05886
254 1 -0.030496 -2.96716
254 2 -0.000842174 -2.99272
254 3 -0.000842174 -2.99272
255 0 1.27311 -0.956205
255 1 1.2178 -0.882917
255 2 0.979314 -0.86622
255 3 0.931919 -0.898827
256 0 5.01447 0.237554
256 1 5.01447 0.237554
256 2 2.02451 2.95556
256 3 2.01947 2.95136
257 0 -0.151033 2.07444
257 1 -0.0521178 2.09652
257 2 -0.0521178 2.09652
257 3 -0.0521178 2.09652
258 0 -1.82685 2.02492
258 1 -1.85962 2.07063
258 2 -1.93788 2.10266
258 3 -1.93788 2.10266
259 0 4.08124 -4.86907
259 1 4.07996 -4.99112
259 2 4.04157 -4.94692
259 3 4.0218 -4.93237
260 0 0.0183752 1.32344
260 1 0.0588817 1.04993
260 2 0.061163 0.981961
260 3 0.061163 0.981961
261 0 4.0196 2.96601
261 1 4.02076 2.98372
261 2 4.02076 2.98372
261 3 4.02076 2.98372
262 0 -2.98851 2.46094
262 1 -2.98941 0.215314
262 2 -2.98941 0.215314
262 3 -2.98941 0.215314
263 0 2.91445 1.86703
263 1 2.99971 1.87649
263 2 2.94936 1.95809
263 3 2.94689 1.96156
264 0 1.94474 4.85108
264 1 1.94521 4.94415
264 2 1.97319 4.93043
264 3 1.97319 4.93043
265 0 -0.94201 -2.93324
265 1 -0.930751 -2.97172
265 2 -0.930751 -2.97172
265 3 -0.930751 -2.97172
266 0 2.89476 -4.00206
266 1 2.98007 -4.02882
266 2 2.98007 -4.02882
266 3 3.00064 -3.97757
267 0 3.14837 0.974582
267 1 3.14837 0.974582
267 2 3.0085 1.06195
267 3 3.0085 1.06195
268 0 -3.73291 -4.89912
268 1 -3.73358 -4.98235
268 2 -4.02834 -5.04627
268 3 -3.95999 -4.95067
269 0 -0.563832 0.884283
269 1 -0.914035 0.823589
269 2 -0.982744 0.821012
269 3 -0.982744 0.821012
270 0 1.99432 -1.98657
270 1 1.99484 -1.9886
270 2 1.99484 -1.9886
270 3 1.99484 -1.9886
271 0 4.13695 2.15858
271 1 4.13695 2.15858
271 2 4.13695 2.15858
271 3 4.13695 2.15858
272 0 3.82187 -1.03043
272 1 3.82131 -1.02831
272 2 3.82131 -1.02831
272 3 1.04982 -2.7919
273 0 -1.91454 1.0515
273 1 -1.93622 1.06733
273 2 -1.93622 1.06733
273 3 -1.93622 1.06733
274 0 1.99504 0.016202
274 1 1.99504 0.016202
274 2 1.99504 0.016202
274 3 1.99504 0.016202
275 0 1.99549 -2.97654
275 1 1.99546 -2.98348
275 2 1.99192 -2.98132
275 3 1.98879 -2.98181
276 0 2.08571 3.0035
276 1 2.07097 2.95585
276 2 2.03318 3.02273
276 3 2.02651 3.0282
277 0 -5.00574 -2.9961
277 1 -5.02458 -1.06619
277 2 -5.02458 -1.06619
277 3 -5.02458 -1.06619
278 0 5.00659 -0.592967
278 1 5.01739 -1.93884
278 2 5.01411 -2.00248
278 3 4.9912 -1.97932
279 0 -3.83873 4.19351
279 1 -3.96899 4.21158
279 2 -3.85756 4.07972
279 3 -3.84313 4.05653
280 0 -0.0307023 -4.03315
280 1 -0.0203151 -3.98887
280 2 -0.0129431 -3.99472
280 3 -0.0129431 -3.99472
281 0 -4.97131 4.49379
281 1 -4.9769 -0.798829
281 2 -4.9769 -0.798829
281 3 -4.9769 -0.798829
282 0 -2.18918 -4.01464
282 1 -2.17893 -3.96505
282 2 -2.02505 -4.09263
282 3 -2.02505 -4.09263
283 0 -2.03451 -1.34537
283 1 -2.88206 -1.10578
283 2 -2.86051 -1.05366
283 3 -2.92134 -0.983493
284 0 1.91839 0.0332034
284 1 1.91839 0.0332034
284 2 1.92806 -0.0071709
284 3 2.01381 0.00431595
285 0 3.93625 -0.0997591
285 1 3.95239 0.0354574
285 2 3.97828 0.0166955
285 3 3.97828 0.0166955
286 0 -2.02841 4.00621
286 1 -1.99786 3.98864
286 2 -1.9988 3.97821
286 3 -1.99202 3.97489
287 0 2.15144 3.96507
287 1 2.09836 4.06275
287 2 2.09836 4.06275
287 3 2.0809 4.07712
288 0 -4.16327 4.12127
288 1 -4.03114 4.15872
288 2 -4.03114 4.15872
288 3 -4.03114 4.15872
289 0 -0.942196 -1.80412
289 1 -0.94163 -1.96665
289 2 -0.983838 -1.9761
289 3 -0.994661 -1.99744
290 0 1.87581 0.882211
290 1 1.94262 0.870552
290 2 1.94262 0.870552
290 3 2.02693 0.882798
291 0 4.55644 5.06571
291 1 4.93989 5.10435
291 2 4.97003 5.10435
291 3 4.97003 5.10435
292 0 3.97001 -1.98979
292 1 3.98261 -1.99211
292 2 3.97988 -1.99116
292 3 3.97988 -1.99116
293 0 1.98153 -5.01043
293 1 1.99087 -4.98481
293 2 1.99441 -4.98039
293 3 1.99378 -4.98076
294 0 -2.89378 0.941659
294 1 -2.95393 0.922157
294 2 -2.95393 0.922157
294 3 -2.96976 1.01805
295 0 -1.06613 3.92832
295 1 -1.01013 3.96972
295 2 -1.01013 3.96972
295 3 -1.01013 3.96972
296 0 3.35131 3.00469
296 1 3.35131 3.00469
296 2 3.35131 3.00469
296 3 2.96388 2.74431
297 0 1.97464 2.96269
297 1 1.97464 2.96269
297 2 1.97464 2.96269
297 3 1.97464 2.96269
298 0 -1.46248 1.03426
298 1 -0.955643 1.10858
298 2 -1.04949 1.03529
298 3 -1.02023 1.04444
299 0 2.89537 -3.94408
299 1 2.94273 -3.92423
299 2 2.96232 -3.99422
299 3 2.96232 -3.99422
300 0 4.01842 4.01895
300 1 3.99918 3.98242
300 2 3.98771 3.99366
300 3 3.98771 3.99366
301 0 3.99291 -2.93507
301 1 3.96661 -2.9471
301 2 3.95582 -2.9829
301 3 3.95582 -2.9829
302 0 2.87766 -0.164118
302 1 3.02566 -0.149868
302 2 2.98211 -0.120207
302 3 2.97211 -0.0982999
303 0 2.0775 -0.235929
303 1 1.96189 -0.225039
303 2 1.98029 -0.0615191
303 3 1.99029 -0.0121939
304 0 2.12242 -0.092683
304 1 2.01858 -0.0435349
304 2 2.02143 -0.0123951
304 3 1.98587 0.0108098
305 0 4.97296 2.91635
305 1 4.97296 2.91635
305 2 4.96439 2.97765
305 3 4.9768 2.97943
306 0 1.19379 -0.168369
306 1 1.0205 -0.217722
306 2 1.0205 -0.217722
306 3 1.0205 -0.217722
307 0 -1.1135 1.34142
307 1 -1.139 0.975319
307 2 -1.139 0.975319
307 3 -1.139 0.975319
308 0 3.04267 0.204156
308 1 3.04267 0.204156
308 2 3.03991 0.205155
308 3 3.03991 0.205155
309 0 2.29168 -0.203037
309 1 2.05285 -0.292131
309 2 2.09812 -1.89542
309 3 2.0921 -1.88899
310 0 -4.17906 -2.93849
310 1 -4.03658 -2.914
310 2 -4.03658 -2.914
310 3 -4.03817 -2.96406
311 0 1.96805 0.0192522
311 1 1.98611 0.00655144
311 2 1.98486 -0.000218185
311 3 1.98746 -0.00176833
312 0 -4.64974 1.94167
312 1 -4.91639 1.8331
312 2 2.93611 0.716835
312 3 2.9071 0.940399
313 0 -0.989156 0.938458
313 1 -0.989156 0.938458
313 2 -1.02088 0.952255
313 3 -0.969376 0.972713
314 0 -1.96336 -3.00048
314 1 -1.98353 -3.00881
314 2 -1.98648 -2.99121
314 3 -1.98648 -2.99121
315 0 3.96615 -0.508955
315 1 3.98983 -3.07411
315 2 3.98744 -2.98718
315 3 3.9871 -2.988
316 0 4.04149 4.98387
316 1 3.8878 2.73179
316 2 3.8878 2.73179
316 3 3.89339 2.93821
317 0 3.95833 -2.95951
317 1 3.95601 -2.97597
317 2 3.95601 -2.97597
317 3 3.95601 -2.97597
318 0 0.109438 5.94768
318 1 0.0125201 6.01988
318 2 0.0125201 6.01988
318 3 1.03612 4.07209
319 0 -2.72242 -0.915351
319 1 -2.73709 -0.893526
319 2 -2.9558 -0.933924
319 3 -3.01271 -0.965468
320 0 0.695988 0.123582
320 1 0.936584 0.261092
320 2 -0.86855 1.13655
320 3 -0.829759 1.0328
321 0 0.0435143 -0.698197
321 1 0.0694845 -0.950425
321 2 0.0666878 -0.992611
321 3 0.0314559 -0.955513
322 0 -0.971216 2.94417
322 1 -1.00039 2.96223
322 2 -1.00039 2.96223
322 3 -0.047164 2.10295
323 0 2.03415 0.547502
323 1 2.03463 1.03452
323 2 2.03539 0.99841
323 3 2.03539 0.99841
324 0 2.7273 0.830431
324 1 2.7273 0.830431
324 2 2.7273 0.830431
324 3 2.7273 0.830431
325 0 -0.849512 0.657044
325 1 -0.843787 1.01565
325 2 -0.843787 1.01565
325 3 -0.966025 0.987893
326 0 -5.087 0.257859
326 1 -5.09289 0.0584748
326 2 -5.09289 0.0584748
326 3 -4.9894 0.0189238
327 0 0.302424 -2.12436
327 1 0.0885645 -2.26213
327 2 0.0885645 -2.26213
327 3 0.0885645 -2.26213
328 0 -3.45154 -1.0398
328 1 -2.94631 -1.15297
328 2 -1.0328 -2.10394
328 3 -1.0328 -2.10394
329 0 1.15273 -1.41178
329 1 1.15596 -0.891049
329 2 1.15596 -0.891049
329 3 1.02884 -0.996202
330 0 1.99548 1.11359
330 1 1.92544 0.984935
330 2 1.97206 0.953786
330 3 1.97206 0.953786
331 0 3.03073 4.01896
331 1 3.0064 3.98171
331 2 2.99785 3.99043
331 3 2.99659 3.99167
332 0 2.00107 3.88949
332 1 2.002 3.98099
332 2 1.98601 3.98385
332 3 1.99052 3.97903
333 0 0.970803 2.82237
333 1 1.04169 2.86281
333 2 0.99164 2.9913
333 3 0.99164 2.9913
334 0 -1.93534 -1.85662
334 1 -1.93564 -2.0411
334 2 -1.98334 -2.00802
334 3 -1.98671 -1.99098
335 0 -0.947863 4.98076
335 1 -0.991733 2.67712
335 2 -0.986814 2.98848
335 3 -0.988098 2.9838
336 0 -2.00189 -3.13469
336 1 -2.00189 -3.13469
336 2 -2.00189 -3.13469
336 3 -2.00189 -3.13469
337 0 5.06007 -3.26214
337 1 5.05967 -3.03958
337 2 5.05967 -3.03958
337 3 4.96853 -2.94
338 0 -2.02768 -3.99739
338 1 -1.98659 -3.97163
338 2 -1.99114 -3.97715
338 3 -1.99195 -3.97809
339 0 3.06141 -1.08815
339 1 2.99396 -1.07825
339 2 3.01357 -1.05229
339 3 3.03004 -1.0311
340 0 2.97639 1.99388
340 1 2.97642 1.991
340 2 2.97798 1.99427
340 3 2.98083 1.98872
341 0 -3.99532 -1.04231
341 1 -4.00378 -0.99446
341 2 -4.00378 -0.99446
341 3 -4.00378 -0.99446
342 0 -5.06976 -2.99665
342 1 -5.02185 -2.93361
342 2 -4.98402 -2.98169
342 3 -4.97776 -2.98853
343 0 -3.90891 0.944687
343 1 -3.90891 0.944687
343 2 -3.90891 0.944687
343 3 -3.95087 0.93503
344 0 -0.0479647 -4.35391
344 1 -0.131276 -3.9037
344 2 -0.131276 -3.9037
344 3 -0.131276 -3.9037
345 0 -3.93127 0.446762
345 1 -3.93968 -1.02629
345 2 -3.94151 -0.9944
345 3 -3.97266 -0.98274
346 0 2.93954 3.07984
346 1 2.95562 3.08429
346 2 2.97197 2.98467
346 3 2.97197 2.98467
347 0 4.97081 4.01858
347 1 4.97228 4.01866
347 2 4.97968 3.96482
347 3 4.9734 3.97896
348 0 -0.983338 1.93845
348 1 -0.987713 1.9378
348 2 -1.00096 1.98135
348 3 -1.0037 1.98587
349 0 3.00734 0.995791
349 1 3.00711 0.993226
349 2 3.00701 0.995998
349 3 2.99219 1.00914
350 0 3.67775 -2.98768
350 1 4.06364 -1.99235
350 2 4.06336 -1.99624
350 3 4.06287 -2.00017
351 0 -1.98516 -3.94109
351 1 -1.98879 -3.94113
351 2 -1.98931 -3.98623
351 3 -1.98983 -3.97962
352 0 -3.97192 -2.02659
352 1 -3.97494 -2.02693
352 2 -3.98588 -1.98377
352 3 -3.98434 -1.98594
353 0 1.01981 -1.35754
353 1 1.01981 -1.35754
353 2 2.09489 -1.76878
353 3 1.99112 -1.7701
354 0 2.03454 3.92
354 1 1.96582 3.99
354 2 1.97115 3.99579
354 3 1.98271 3.98101
355 0 0.240549 3.17202
355 1 0.164724 3.2316
355 2 0.164724 3.2316
355 3 0.164724 3.2316
356 0 3.08823 -1.19776
356 1 2.92992 -1.08422
356 2 2.97101 -0.964735
356 3 2.9948 -0.992183
357 0 -3.10984 4.13458
357 1 -2.9271 3.95029
357 2 -2.93771 3.93965
357 3 -2.94732 3.94388
358 0 2.01842 1.13171
358 1 2.01811 0.947962
358 2 1.97449 0.970988
358 3 1.99107 0.976105
359 0 -2.07827 0.0999104
359 1 -1.97892 0.102781
359 2 -1.97892 0.102781
359 3 -1.97892 0.102781
360 0 3.19903 2.99621
360 1 3.19903 2.99621
360 2 3.86272 1.93168
360 3 3.90108 1.89985
361 0 -2.99469 0.930917
361 1 -1.09414 0.857182
361 2 -1.10584 1.01651
361 3 -1.10584 1.01651
362 0 2.44628 3.04702
362 1 1.97849 3.17076
362 2 1.97849 3.17076
362 3 1.97849 3.17076
363 0 -0.0217157 -2.04664
363 1 -0.0111438 -1.98856
363 2 -6.925e-05 -1.99643
363 3 -6.925e-05 -1.99643
364 0 5.06618 1.03774
364 1 5.05691 0.964502
364 2 5.02429 1.01111
364 3 5.00629 1.0275
365 0 -0.94705 -1.18311
365 1 -0.944227 -0.968168
365 2 -0.963256 -0.95593
365 3 -0.992491 -0.977496
366 0 0.951952 -0.989861
366 1 0.965937 -0.976238
366 2 0.965937 -0.976238
366 3 0.965937 -0.976238
367 0 -3.66688 -3.02561
367 1 -3.96555 -3.16956
367 2 -3.96555 -3.16956
367 3 -3.96555 -3.16956
368 0 -1.94888 -4.84209
368 1 -2.01447 -4.848
368 2 -1.9314 -4.9863
368 3 -1.9314 -4.9863
369 0 -4.1661 0.162549
369 1 -4.01387 0.202715
369 2 -4.01387 0.202715
369 3 -4.01387 0.202715
370 0 -2.09536 3.75636
370 1 -2.13917 4.01422
370 2 -2.13917 4.01422
370 3 -2.13917 4.01422
371 0 1.05779 2.01796
371 1 1.01065 1.98783
371 2 1.01065 1.98783
371 3 1.01065 1.98783
372 0 -4.06203 -1.86512
372 1 -4.05696 -1.99454
372 2 -3.95686 -1.98153
372 3 -3.97225 -2.00345
373 0 2.9034 -2.06093
373 1 2.91561 -1.98037
373 2 2.95064 -2.01163
373 3 2.95641 -2.01677
374 0 1.51265 -3.97467
374 1 2.01071 -3.98785
374 2 1.9876 -3.98655
374 3 1.99085 -3.98319
375 0 2.98841 2.96914
375 1 2.9884 2.96913
375 2 2.98409 2.98096
375 3 2.9822 2.98257
376 0 -1.112 2.23862
376 1 -0.993133 2.24269
376 2 -1.00113 2.02538
376 3 -0.998911 1.99676
377 0 5.11893 3.84552
377 1 5.11991 4.01693
377 2 5.00472 4.08202
377 3 4.97114 3.9983
378 0 -0.944751 2.66443
378 1 -0.941806 2.93001
378 2 -0.941806 2.93001
378 3 -0.98601 2.98545
379 0 -1.22076 -3.14185
379 1 -1.21616 -3.01074
379 2 -0.96458 -3.08618
379 3 -0.983548 -3.00684
380 0 1.85815 -1.89651
380 1 1.85654 -1.97001
380 2 1.85654 -1.97001
380 3 1.85654 -1.97001
381 0 2.20843 1.87701
381 1 2.20843 1.87701
381 2 2.20843 1.87701
381 3 2.20843 1.87701
382 0 -1.90039 5.08657
382 1 -1.89468 5.00314
382 2 -0.0340453 3.86337
382 3 -0.0340453 3.86337
383 0 1.95807 0.047673
383 1 1.97437 0.05369
383 2 1.98937 -0.00173218
383 3 1.98879 -0.00133884
384 0 1.94784 -1.82266
384 1 1.91446 -1.94944
384 2 2.01947 -1.99918
384 3 2.00275 -1.98624
385 0 4.83696 5.14989
385 1 4.9937 5.17534
385 2 4.93741 5.16251
385 3 4.9529 5.13067
386 0 -4.72279 -5.15504
386 1 -4.90245 -5.20895
386 2 -4.90245 -5.20895
386 3 -4.90245 -5.20895
387 0 -3.98669 3.02233
387 1 -3.98669 3.02233
387 2 -3.97814 2.99661
387 3 -3.97156 2.9898
388 0 4.15388 0.983761
388 1 4.09754 1.08894
388 2 4.09754 1.08894
388 3 4.05334 1.11362
389 0 3.08737 -3.97702
389 1 3.04642 -4.03614
389 2 3.01297 -3.98848
389 3 2.05924 -3.00824
390 0 -1.77905 -2.95708
390 1 -2.00693 -2.90316
390 2 -1.98475 -2.90442
390 3 -1.96865 -2.90969
391 0 -1.99429 -1.04208
391 1 -1.991 -1.04222
391 2 -1.98647 -0.998063
391 3 -1.98947 -0.995045
392 0 -0.949233 -2.98258
392 1 -0.961639 -3.00081
392 2 -0.976175 -2.9745
392 3 -0.982356 -2.9686
393 0 1.23854 1.94399
393 1 0.952164 1.8531
393 2 0.952164 1.8531
393 3 0.952164 1.8531
394 0 4.97618 3.45235
394 1 4.98009 2.96176
394 2 4.96385 2.97104
394 3 4.96537 2.98589
395 0 2.02112 -3.94779
395 1 0.995535 -2.74201
395 2 0.877968 -2.84944
395 3 0.868858 -2.9106
396 0 3.01972 -2.95332
396 1 2.99587 -2.9835
396 2 2.99081 -2.97838
396 3 2.99081 -2.97837
397 0 -2.89692 -0.982458
397 1 -2.93958 -1.03831
397 2 -2.97891 -0.994343
397 3 -2.98136 -0.991963
398 0 2.8737 3.1349
398 1 2.92094 2.98695
398 2 2.96268 3.0044
398 3 2.96268 3.0044
399 0 4.97966 -1.88605
399 1 4.97966 -1.88605
399 2 4.96412 -1.98857
399 3 4.97161 -1.99447
400 0 3.94017 -0.79019
400 1 3.93854 -1.0145
400 2 3.93854 -1.0145
400 3 3.96851 -1.00204
401 0 1.03877 -1.29795
401 1 1.03838 -0.982307
401 2 1.03838 -0.982307
401 3 1.03838 -0.982307
402 0 -5.19474 4.10379
402 1 -5.1974 4.01423
402 2 -5.1974 4.01423
402 3 -5.1974 4.01423
403 0 3.92356 -2.39177
403 1 3.91054 -1.97336
403 2 3.91197 -1.96876
403 3 3.96283 -2.01988
404 0 5.01018 -3.02659
404 1 4.98423 -2.99415
404 2 4.98385 -2.9945
404 3 4.98385 -2.9945
405 0 1.05186 2.96284
405 1 1.05186 2.96284
405 2 1.0776 -0.805699
405 3 1.0776 -0.805699
406 0 4.00217 0.933652
406 1 4.00217 0.933652
406 2 3.96377 0.949262
406 3 3.99587 0.999268
407 0 3.0221 -0.944082
407 1 -0.883741 2.00125
407 2 -0.883741 2.00125
407 3 -0.883741 2.00125
408 0 -2.90551 2.78396
408 1 -3.04489 2.80462
408 2 -2.98896 2.94175
408 3 -2.96428 2.98932
409 0 -0.980109 -0.0134008
409 1 -0.991465 -0.00218344
409 2 -0.991905 -0.00266724
409 3 -0.993633 0.000608551
410 0 0.980586 -3.92068
410 1 0.952143 -3.97173
410 2 0.952143 -3.97173
410 3 0.964741 -3.95688
411 0 -0.00237448 2.97873
411 1 4.10196e-05 2.98262
411 2 4.1047e-05 2.98262
411 3 4.1047e-05 2.98262
412 0 2.93527 -4.00448
412 1 2.94208 -4.01237
412 2 2.94348 -4.01402
412 3 2.94949 -4.01957
413 0 -2.12888 2.88791
413 1 -2.11683 2.87311
413 2 -2.11683 2.87311
413 3 -2.11089 2.86685
414 0 -4.81362 -2.0261
414 1 -5.01627 -2.04696
414 2 -4.96443 -1.9956
414 3 -4.96668 -1.99785
415 0 -0.0109047 -4.66404
415 1 -0.00935629 -4.93384
415 2 -0.0180009 -4.93957
415 3 -0.00507511 -4.9578
416 0 -2.97747 3.01338
416 1 -2.97747 3.01338
416 2 -2.97747 3.01338
416 3 -2.97747 3.01338
417 0 -3.11354 4.70903
417 1 -3.10903 4.94881
417 2 -3.07008 4.89563
417 3 -3.04166 4.87501
418 0 -5.00747 -0.128741
418 1 -5.0067 -0.0343737
418 2 -4.98856 -0.0417586
418 3 -4.98856 -0.0417586
419 0 1.01518 -3.94336
419 1 1.01518 -3.94336
419 2 1.01518 -3.94336
419 3 1.01518 -3.94336
420 0 -2.94951 1.17956
420 1 -3.01159 1.16492
420 2 -2.94372 0.99533
420 3 -2.94372 0.99533
421 0 3.92745 -0.941987
421 1 3.92745 -0.941987
421 2 3.93427 -1.00675
421 3 3.9748 -0.973406
422 0 -5.00838 4.49161
422 1 -5.01849 -0.996679
422 2 -5.01849 -0.996679
422 3 -5.01849 -0.996679
423 0 -1.00614 2.03436
423 1 -1.00417 2.03474
423 2 -0.992667 2.00233
423 3 -0.986866 1.99627
424 0 -5.00129 -4.61835
424 1 -5.00235 -5.04094
424 2 -5.00351 -5.04043
424 3 -5.01011 -4.99578
425 0 -3.17365 -0.89141
425 1 -3.0131 -0.839246
425 2 -3.0131 -0.839246
425 3 -3.0131 -0.839246
426 0 2.95524 5.00501
426 1 2.83939 2.85423
426 2 2.83939 2.85423
426 3 2.26566 1.04892
427 0 -1.94789 -0.54822
427 1 -1.95208 -1.77137
427 2 -1.95208 -1.77137
427 3 -1.95208 -1.77137
428 0 -2.06952 -0.075578
428 1 -2.07272 0.00113213
428 2 -2.07272 0.00113213
428 3 -2.07272 0.00113213
429 0 1.04131 -3.88123
429 1 1.0376 -4.00972
429 2 0.993208 -3.97733
429 3 0.996039 -3.97856
430 0 1.99147 4.95525
430 1 1.99144 4.95524
430 2 1.98704 4.97435
430 3 1.9884 4.97586
431 0 5.038 -0.933524
431 1 5.03391 -1.02131
431 2 5.00459 -0.990611
431 3 4.98697 -0.974011
432 0 -4.08735 -3.91984
432 1 -4.08735 -3.91984
432 2 -4.02974 -4.00905
432 3 -3.99883 -3.97344
433 0 1.16211 1.03636
433 1 0.931834 1.0529
433 2 1.01701 1.01851
433 3 1.02018 1.01461
434 0 -0.0521639 -1.85208
434 1 -0.0663811 -1.98517
434 2 -0.0160933 -1.99757
434 3 -0.0105304 -2.00266
435 0 2.70464 -2.99555
435 1 2.95924 -3.10916
435 2 2.95924 -3.10916
435 3 3.03213 -3.05975
436 0 2.95603 -0.0497693
436 1 2.95659 -0.0500836
436 2 2.95659 -0.0500836
436 3 2.95659 -0.0500836
437 0 3.96962 1.55463
437 1 3.96878 2.07427
437 2 3.96369 1.99697
437 3 3.96369 1.99697
438 0 1.97324 -4.96123
438 1 1.98256 -4.98082
438 2 1.98925 -4.97166
438 3 1.98967 -4.9752
439 0 0.949069 0.507575
439 1 0.962457 1.0066
439 2 0.962482 0.997177
439 3 0.993309 0.984904
440 0 4.88281 -2.95716
440 1 4.98996 -2.97825
440 2 4.9854 -2.97404
440 3 4.9854 -2.97403
441 0 -1.94371 -4.00897
441 1 -2.00121 -3.9658
441 2 -2.00121 -3.9658
441 3 -1.9872 -3.96602
442 0 3.98112 -1.03524
442 1 3.99902 -1.00089
442 2 1.98232 0.207654
442 3 0.21296 0.118011
443 0 -0.0079148 -4.01884
443 1 0.000236717 -3.98894
443 2 0.000236717 -3.98894
443 3 0.000236747 -3.98894
444 0 -3.02507 3.93301
444 1 -1.8619 3.11057
444 2 -1.8619 3.11057
444 3 -1.84323 3.03863
445 0 3.05983 -2.93361
445 1 3.00318 -2.97721
445 2 3.00318 -2.97721
445 3 3.00318 -2.97721
446 0 -4.59056 -3.98328
446 1 -4.96378 -4.13681
446 2 -4.96378 -4.13681
446 3 -4.89353 -4.01555
447 0 3.93289 3.01633
447 1 3.93289 3.01633
447 2 3.95267 2.96293
447 3 3.95693 2.98367
448 0 -2.03459 -4.06865
448 1 -1.99628 -4.00134
448 2 -1.97816 -3.98754
448 3 -1.98182 -3.98983
449 0 0.0379662 2.01926
449 1 0.0307096 1.98898
449 2 0.013207 2.00812
449 3 0.013207 2.00812
450 0 -2.08831 -2.04352
450 1 -2.08977 -1.97535
450 2 -2.08977 -1.97535
450 3 -2.08977 -1.97535
451 0 1.64936 -1.95683
451 1 1.84471 -1.78806
451 2 1.84471 -1.78806
451 3 1.96148 -1.78805
452 0 -1.93431 2.02684
452 1 -1.94978 1.97944
452 2 -1.96647 1.99115
452 3 -1.98829 1.99388
453 0 3.83964 -2.96792
453 1 3.9588 -2.9679
453 2 3.98491 -2.99147
453 3 3.97976 -2.98335
454 0 -0.889235 -2.93444
454 1 -1.00353 -2.95648
454 2 -0.989051 -2.97319
454 3 -0.985491 -2.97683
455 0 2.92636 -0.908107
455 1 2.92636 -0.908107
455 2 2.99751 -0.953858
455 3 2.97252 -1.00312
456 0 2.95692 -3.57791
456 1 2.95661 -4.20542
456 2 2.95988 -3.97475
456 3 2.96532 -3.98172
457 0 1.78913 4.77734
457 1 1.79423 5.03333
457 2 1.94271 4.96206
457 3 1.97906 4.95033
458 0 1.96111 -3.95491
458 1 1.95844 -3.97147
458 2 1.95844 -3.97147
458 3 1.95844 -3.97147
459 0 0.0490135 3.95895
459 1 0.0184404 3.98259
459 2 0.0171792 3.98648
459 3 0.0132237 3.9918
460 0 3.85868 -2.42061
460 1 3.87324 -1.19627
460 2 3.89526 -1.00051
460 3 3.92819 -1.03997
461 0 1.93436 -0.0566657
461 1 1.95167 0.0182168
461 2 1.98417 -0.0127607
461 3 1.98417 -0.0127607
462 0 1.96574 2.92637
462 1 1.99469 2.95613
462 2 1.99469 2.95613
462 3 1.99469 2.95613
463 0 1.02571 -3.98831
463 1 1.00759 -3.99686
463 2 1.0037 -3.97614
463 3 1.0037 -3.97614
464 0 -3.91854 -3.99315
464 1 -3.94689 -4.01536
464 2 -3.94202 -4.0094
464 3 -3.93557 -3.98607
465 0 -4.07022 0.940651
465 1 -4.06515 1.02312
465 2 -4.0263 0.972141
465 3 -4.00722 0.955368
466 0 0.453051 4.99429
466 1 0.0918418 5.06579
466 2 0.0918418 5.06579
466 3 0.0918418 5.06579
467 0 -2.84205 -1.75842
467 1 -2.84205 -1.75842
467 2 -2.84892 -1.75316
467 3 -2.84892 -1.75316
468 0 -4.13302 -2.68715
468 1 -4.02407 -2.67014
468 2 -4.02407 -2.67014
468 3 -4.16976 -2.86707
469 0 3.01492 2.94658
469 1 2.98505 2.95699
469 2 2.99002 2.98691
469 3 2.98797 2.98868
470 0 0.0498004 -4.8318
470 1 0.0499165 -5.00258
470 2 0.0372575 -4.99822
470 3 0.00356815 -4.96451
471 0 0.0501349 3.49271
471 1 0.0189789 -1.78405
471 2 0.0189789 -1.78405
471 3 0.0128046 1.03077
472 0 -0.942425 1.87685
472 1 -0.929265 1.99391
472 2 -0.979116 2.01042
472 3 -0.997572 1.99374
473 0 3.02209 -0.00656102
473 1 2.99258 0.0150327
473 2 2.99258 0.0150327
473 3 2.99258 0.0150327
474 0 2.94136 0.769407
474 1 3.00699 0.781795
474 2 2.97078 1.02127
474 3 2.97078 1.02127
475 0 1.96193 -2.97471
475 1 1.96187 -2.98685
475 2 1.96187 -2.98685
475 3 1.96187 -2.98685
476 0 -2.99627 -1.02219
476 1 -2.99627 -1.02219
476 2 -2.99627 -1.02219
476 3 -2.99627 -1.02219
477 0 2.02459 -1.04554
477 1 2.02459 -1.04554
477 2 2.02459 -1.04554
477 3 2.0288 -1.00046
478 0 -2.9745 3.44323
478 1 -2.97745 0.945932
478 2 -2.98558 0.984024
478 3 -2.98257 0.984713
479 0 3.17684 2.86171
479 1 2.88185 2.92269
479 2 2.88456 2.97372
479 3 2.94225 2.92638
480 0 1.03676 -4.93909
480 1 1.01586 -4.98224
480 2 -0.787522 -3.00603
480 3 1.06638 -2.82426
481 0 2.97821 -4.01148
481 1 2.97729 -3.98561
481 2 2.97729 -3.98561
481 3 2.98302 -3.98725
482 0 -1.16137 1.11499
482 1 -1.16137 1.11499
482 2 -1.16137 1.11499
482 3 -1.16137 1.11499
483 0 -2.72718 -5.17269
483 1 -2.96276 -5.28432
483 2 -2.96276 -5.28432
483 3 -2.96276 -5.28432
484 0 -2.98518 -2.97868
484 1 -2.98493 -2.97867
484 2 -2.98479 -2.9854
484 3 -2.98487 -2.98485
485 0 2.10463 -2.96927
485 1 2.06851 -3.04382
485 2 2.02541 -2.98144
485 3 2.00461 -2.9631
486 0 -3.78606 -2.09362
486 1 -3.79359 -1.94785
486 2 -3.93379 -1.97683
486 3 -3.95629 -1.99946
487 0 3.64647 -2.02577
487 1 3.90221 -2.15898
487 2 3.94283 -2.16457
487 3 3.94283 -2.16457
488 0 2.9476 -1.48102
488 1 2.95936 1.28046
488 2 2.96196 0.905338
488 3 2.99055 1.03099
489 0 3.91991 -2.87693
489 1 3.91737 -3.01925
489 2 3.96605 -3.03868
489 3 3.98282 -2.99474
490 0 -4.88776 -0.0496812
490 1 -5.00268 -0.0183517
490 2 -5.00268 -0.0183517
490 3 -5.00564 -0.00929074
491 0 -2.9269 -0.944772
491 1 -2.91639 -0.978206
491 2 -2.91639 -0.978206
491 3 -2.91639 -0.978206
492 0 0.903414 -2.14833
492 1 0.927442 -2.15781
492 2 0.927442 -2.15781
492 3 0.927442 -2.15781
493 0 1.02149 -1.23348
493 1 1.11238 -1.14893
493 2 1.15089 -1.01965
493 3 1.15089 -1.01965
494 0 -3.96349 0.95397
494 1 -3.97027 0.95259
494 2 -3.97027 0.95259
494 3 -3.97067 0.990496
495 0 5.07721 1.12298
495 1 5.07626 0.981145
495 2 5.00983 1.03156
495 3 4.99557 1.03896
496 0 -1.10661 -5.04685
496 1 -1.10985 -4.9643
496 2 -1.8834 -4.01097
496 3 -1.8834 -4.01097
497 0 -3.99119 -1.67526
497 1 -3.98144 -1.97173
497 2 -3.98366 -1.97231
497 3 -3.98121 -1.99215
498 0 -2.77884 2.34827
498 1 -2.788 1.83493
498 2 -3.0691 2.01071
498 3 -2.96719 1.95759
499 0 -5.42476 -0.96894
499 1 -5.18116 -1.20322
499 2 -5.18116 -1.20322
499 3 -5.18116 -1.20322
500 0 -3.93202 -4.70871
500 1 -3.93013 -4.98054
500 2 -3.96386 -4.99821
500 3 -3.95955 -4.98943
501 0 2.81029 -2.04851
501 1 2.90921 -2.08955
501 2 2.90921 -2.08955
501 3 3.0472 -2.01732
502 0 -1.82442 -3.74029
502 1 -1.82442 -3.74029
502 2 -1.93752 -3.68847
502 3 -1.93752 -3.68847
503 0 3.72678 0.986766
503 1 3.72678 0.986766
503 2 3.72668 0.990938
503 3 3.72668 0.990937
504 0 2.95595 -1.59455
504 1 2.97167 -1.92971
504 2 2.97167 -1.92971
504 3 2.97127 -2.01148
505 0 -2.92848 3.9556
505 1 -2.93114 3.99042
505 2 -2.9481 3.95939
505 3 -2.97298 3.98495
506 0 -0.69937 -2.14176
506 1 -0.903879 -2.25264
506 2 -0.903879 -2.25264
506 3 -0.903879 -2.25264
507 0 2.99951 -2.94175
507 1 2.97091 -2.95505
507 2 2.964 -2.96725
507 3 2.964 -2.96725
508 0 -3.10552 -1.96211
508 1 -3.08945 -2.02842
508 2 -3.07881 -1.98043
508 3 -3.02177 -2.02997
509 0 -2.03594 -0.717751
509 1 -1.98235 -0.72732
509 2 -1.98235 -0.72732
509 3 -1.98235 -0.72732
510 0 -4.03863 -4.96137
510 1 -4.00057 -4.93679
510 2 -3.99728 -4.98347
510 3 -3.99728 -4.98347
511 0 0.888732 3.95296
511 1 0.978998 3.97769
511 2 0.993846 3.98579
511 3 0.992663 3.98248
