OptIndex Step X_0 X_1
0 0 -5.07959 -5.04153
0 1 -5.07488 -4.96939
0 2 -5.00461 -5.03874
0 3 -4.96468 -5.01687
0 4 -4.9707 -5.00945
0 5 -4.98527 -4.99079
0 6 -4.98616 -4.98676
0 7 -4.98627 -4.9862
0 8 -4.98621 -4.98619
0 9 -4.98618 -4.98618
0 10 -4.98618 -4.98618
0 11 -4.98618 -4.98618
0 12 -4.98618 -4.98618
0 13 -4.98618 -4.98618
0 14 -4.98618 -4.98618
1 0 0.115869 0.34881
1 1 0.115869 0.34881
1 2 0.115869 0.34881
1 3 0.115869 0.34881
1 4 0.115869 0.34881
1 5 0.115869 0.34881
1 6 0.115869 0.34881
1 7 0.115869 0.34881
1 8 0.115869 0.34881
1 9 0.115869 0.34881
1 10 0.115869 0.34881
1 11 0.115869 0.34881
1 12 0.115869 0.34881
1 13 0.115869 0.34881
1 14 0.115869 0.34881
2 0 1.01587 -1.29562
2 1 1.01587 -1.29562
2 2 1.01587 -1.29562
2 3 1.01587 -1.29562
2 4 1.01587 -1.29562
2 5 1.01587 -1.29562
2 6 1.01587 -1.29562
2 7 1.01587 -1.29562
2 8 1.01587 -1.29562
2 9 1.01587 -1.29562
2 10 1.01587 -1.29562
2 11 1.01587 -1.29562
2 12 1.01587 -1.29562
2 13 1.01587 -1.29562
2 14 1.01587 -1.29562
3 0 4.96338 -2.98567
3 1 4.96543 -2.99308
3 2 4.96646 -2.98558
3 3 4.97262 -2.9928
3 4 4.97624 -2.99402
3 5 4.98115 -2.99351
3 6 4.97994 -2.99155
3 7 4.97966 -2.98885
3 8 4.97992 -2.98801
3 9 4.97995 -2.98799
3 10 4.97995 -2.98799
3 11 4.97995 -2.98799
3 12 4.97996 -2.98799
3 13 4.97996 -2.98799
3 14 4.97996 -2.98799
4 0 4.97249 -3.96348
4 1 4.96898 -3.96613
4 2 4.9704 -3.96887
4 3 4.98608 -3.98252
4 4 4.9829 -3.98681
4 5 4.98316 -3.98655
4 6 4.98317 -3.98654
4 7 4.98317 -3.98654
4 8 4.98317 -3.98654
4 9 4.98317 -3.98654
4 10 4.98317 -3.98654
4 11 4.98317 -3.98654
4 12 4.98317 -3.98654
4 13 4.98317 -3.98654
4 14 4.98317 -3.98654
5 0 2.97844 1.04424
5 1 2.97844 1.04424
5 2 2.97844 1.04424
5 3 2.97844 1.04424
5 4 2.97844 1.04424
5 5 2.97844 1.04424
5 6 2.97844 1.04424
5 7 2.97844 1.04424
5 8 2.97844 1.04424
5 9 2.97844 1.04424
5 10 2.97844 1.04424
5 11 2.97844 1.04424
5 12 2.97844 1.04424
5 13 2.97844 1.04424
5 14 2.97844 1.04424
6 0 -3.66333 -0.0243715
6 1 -3.86631 -0.111498
6 2 -3.86631 -0.111498
6 3 -3.86631 -0.111498
6 4 -3.83661 -0.00830443
6 5 -3.83661 -0.00830443
6 6 -3.83661 -0.00830443
6 7 -3.83661 -0.00830443
6 8 -3.83661 -0.00830443
6 9 -3.83661 -0.00830443
6 10 -3.83661 -0.00830443
6 11 -3.83661 -0.00830443
6 12 -3.83661 -0.00830443
6 13 -3.83661 -0.00830443
6 14 -3.83661 -0.00830443
7 0 -1.10512 5.02445
7 1 -1.05838 4.92081
7 2 -1.02827 4.98755
7 3 -1.00154 4.9612
7 4 -1.00109 4.96099
7 5 -1.00109 4.96099
7 6 -0.993073 4.96115
7 7 -0.994857 4.96251
7 8 -0.994903 4.96406
7 9 -0.995179 4.9747
7 10 -0.994926 4.97449
7 11 -0.994921 4.9745
7 12 -0.994921 4.9745
7 13 -0.99492 4.9745
7 14 -0.99492 4.9745
8 0 0.856249 0.412631
8 1 0.586781 -0.0461369
8 2 -0.0401601 -0.0769548
8 3 -0.0564769 -0.0223746
8 4 -0.0568317 -0.00716743
8 5 -0.0568317 -0.00716743
8 6 -0.0568317 -0.00716743
8 7 -0.0511113 -0.00320893
8 8 -0.0166927 0.0208603
8 9 -0.0166927 0.0208603
8 10 -0.0166927 0.0208603
8 11 -0.0166927 0.0208603
8 12 -0.0166927 0.0208603
8 13 -0.0166927 0.0208603
8 14 -0.0166927 0.0208603
9 0 0.400442 -0.138044
9 1 0.0991797 0.218366
9 2 -0.0126822 0.222412
9 3 0.00546958 -0.0489772
9 4 -0.005328 0.00331406
9 5 -0.00124351 0.00392453
9 6 -0.000696847 -0.000648912
9 7 -0.000696847 -0.000648912
9 8 -0.000696847 -0.000648912
9 9 -0.000696847 -0.000648912
9 10 -0.000696847 -0.000648912
9 11 -0.000696847 -0.000648912
9 12 -0.000696847 -0.000648912
9 13 -0.000696847 -0.000648912
9 14 -0.000696847 -0.000648912
10 0 -0.520986 -1.03966
10 1 0.19718 0.340311
10 2 -0.0123261 0.337494
10 3 -0.173337 0.0538145
10 4 -0.0957634 0.0497672
10 5 0.0411966 0.03532
10 6 -0.0070373 0.0061565
10 7 0.00088907 0.00224172
10 8 0.00151019 4.24932e-05
10 9 0.00151019 4.24932e-05
10 10 0.00151019 4.24932e-05
10 11 0.00151019 4.24932e-05
10 12 0.00151019 4.24932e-05
10 13 0.00151019 4.24932e-05
10 14 0.00151019 4.24932e-05
11 0 -0.999237 1.35667
11 1 -1.07354 1.31847
11 2 -1.1717 1.10066
11 3 -1.1717 1.10066
11 4 -0.887733 1.03386
11 5 -0.91798 0.967093
11 6 -0.944279 0.959584
11 7 -0.968004 0.957153
11 8 -0.968359 0.966134
11 9 -0.968479 0.968527
11 10 -0.968477 0.968477
11 11 -0.968478 0.968478
11 12 -0.968478 0.968478
11 13 -0.968478 0.968478
11 14 -0.968478 0.968478
12 0 -5.0669 2.00071
12 1 -5.05794 1.96795
12 2 -5.0532 2.00806
12 3 -4.99404 1.94893
12 4 -4.95938 1.96449
12 5 -4.96715 1.973
12 6 -4.97585 1.98768
12 7 -4.97721 1.9905
12 8 -4.97672 1.99074
12 9 -4.9768 1.9907
12 10 -4.97682 1.99072
12 11 -4.97684 1.99075
12 12 -4.97684 1.99076
12 13 -4.97684 1.99076
12 14 -4.97684 1.99076
13 0 3.11858 3.7747
13 1 3.13185 4.01813
13 2 3.13185 4.01813
13 3 3.13185 4.01813
13 4 3.13185 4.01813
13 5 3.05609 4.0544
13 6 2.99546 4.04448
13 7 2.97777 4.0014
13 8 2.97265 3.9837
13 9 2.97928 3.98028
13 10 2.98358 3.97824
13 11 2.98427 3.97869
13 12 2.98432 3.97879
13 13 2.98433 3.97887
13 14 2.98424 3.97892
14 0 -0.00894748 -0.261094
14 1 0.0783302 -0.0333003
14 2 0.0784118 -0.00997397
14 3 0.0322215 -0.0352198
14 4 0.0322215 -0.0352198
14 5 0.0322215 -0.0352198
14 6 0.0322215 -0.0352198
14 7 0.0322215 -0.0352198
14 8 0.0322215 -0.0352198
14 9 0.0322215 -0.0352198
14 10 0.0322215 -0.0352198
14 11 0.0322215 -0.0352198
14 12 0.0322215 -0.0352198
14 13 0.0322215 -0.0352198
14 14 0.0322215 -0.0352198
15 0 3.00718 1.61097
15 1 2.99993 1.9874
15 2 2.98827 1.97083
15 3 2.98202 1.98203
15 4 2.97404 1.98652
15 5 2.97194 1.98555
15 6 2.9722 1.98451
15 7 2.97364 1.98226
15 8 2.97309 1.98214
15 9 2.97314 1.98215
15 10 2.97314 1.98214
15 11 2.97314 1.98214
15 12 2.97314 1.98214
15 13 2.97314 1.98214
15 14 2.97314 1.98214
16 0 3.08369 -0.0456111
16 1 3.08369 -0.0456111
16 2 3.08369 -0.0456111
16 3 3.08369 -0.0456111
16 4 3.08369 -0.0456111
16 5 3.08369 -0.0456111
16 6 3.08369 -0.0456111
16 7 3.08369 -0.0456111
16 8 3.08369 -0.0456111
16 9 3.08369 -0.0456111
16 10 0.420718 -0.251083
16 11 0.0377145 -0.243888
16 12 0.0377145 -0.243888
16 13 0.0377145 -0.243888
16 14 0.0377145 -0.243888
17 0 -0.0610208 1.06151
17 1 -0.186484 0.0531089
17 2 -0.165952 -0.03293
17 3 0.0115207 -0.0294421
17 4 0.00257125 0.00949269
17 5 -0.0022559 0.00505382
17 6 -0.00356189 0.00330082
17 7 -0.0037389 0.00252087
17 8 -0.00175447 -0.00096865
17 9 6.98421e-05 -0.000992604
17 10 2.97989e-05 -0.000192868
17 11 5.2718e-06 3.64415e-05
17 12 1.11503e-06 6.47271e-06
17 13 1.11503e-06 6.47271e-06
17 14 1.11503e-06 6.47271e-06
18 0 1.95349 -0.975291
18 1 1.96301 -0.974106
18 2 1.96488 -0.982498
18 3 1.9647 -0.982496
18 4 1.96462 -0.982417
18 5 1.96462 -0.982416
18 6 1.96462 -0.982416
18 7 1.96462 -0.982416
18 8 1.96462 -0.982416
18 9 1.96462 -0.982416
18 10 1.96462 -0.982416
18 11 1.96462 -0.982416
18 12 1.96462 -0.982416
18 13 1.96462 -0.982416
18 14 1.96462 -0.982416
19 0 -2.99959 2.93088
19 1 -2.99959 2.93088
19 2 -2.99959 2.93088
19 3 -2.99959 2.93088
19 4 -2.99959 2.93088
19 5 -2.99959 2.93088
19 6 -2.99959 2.93088
19 7 -2.96219 2.94099
19 8 -2.96741 2.97129
19 9 -2.98301 2.97931
19 10 -2.9794 2.97871
19 11 -2.97922 2.97925
19 12 -2.97923 2.97923
19 13 -2.97923 2.97923
19 14 -2.97922 2.97922
20 0 -1.93682 -2.97501
20 1 -1.95831 -2.95516
20 2 -1.95936 -2.97685
20 3 -1.9762 -2.97105
20 4 -1.98269 -2.97117
20 5 -1.98214 -2.97296
20 6 -1.98211 -2.97313
20 7 -1.98214 -2.97314
20 8 -1.98214 -2.97314
20 9 -1.98214 -2.97314
20 10 -1.98214 -2.97314
20 11 -1.98214 -2.97314
20 12 -1.98214 -2.97314
20 13 -1.98214 -2.97314
20 14 -1.98214 -2.97314
21 0 1.81778 -0.0305436
21 1 1.81778 -0.0305436
21 2 1.81778 -0.0305436
21 3 1.81661 -0.00970799
21 4 1.05366 -1.20178
21 5 1.14151 -1.05938
21 6 1.09435 -0.904076
21 7 1.0014 -0.87738
21 8 0.309255 -0.162266
21 9 0.235091 -0.23868
21 10 0.213183 -0.231807
21 11 0.213183 -0.231807
21 12 0.213183 -0.231807
21 13 0.0113489 -0.230531
21 14 0.0180249 -0.229903
22 0 -1.48537 1.8938
22 1 -0.886997 2.2557
22 2 -0.961166 2.00039
22 3 -0.999529 1.96342
22 4 -0.990381 1.97298
22 5 -0.990563 1.97278
22 6 -0.990671 1.97261
22 7 -0.990784 1.97007
22 8 -0.983154 1.96475
22 9 -0.982476 1.96455
22 10 -0.982417 1.96461
22 11 -0.982411 1.96461
22 12 -0.982411 1.96461
22 13 -0.982411 1.96461
22 14 -0.982411 1.96461
23 0 -2.0023 4.61618
23 1 -1.96353 5.13463
23 2 -2.03881 5.03241
23 3 -2.03881 5.03241
23 4 -2.03881 5.03241
23 5 -2.03881 5.03241
23 6 -2.03881 5.03241
23 7 -2.03881 5.03241
23 8 -2.03881 5.03241
23 9 -2.03881 5.03241
23 10 -2.03881 5.03241
23 11 -2.03881 5.03241
23 12 -2.03881 5.03241
23 13 -2.03881 5.03241
23 14 -2.03881 5.03241
24 0 3.99014 2.90362
24 1 3.99014 2.90362
24 2 3.99014 2.90362
24 3 3.99014 2.90362
24 4 3.99014 2.90362
24 5 3.99014 2.90362
24 6 3.99014 2.90362
24 7 4.02438 2.94005
24 8 3.98445 2.99603
24 9 3.98445 2.99603
24 10 3.98445 2.99603
24 11 3.98445 2.99603
24 12 3.98445 2.99603
24 13 3.98445 2.99603
24 14 3.98445 2.99603
25 0 -4.97881 -3.0033
25 1 -4.974 -3.00128
25 2 -4.97847 -2.9968
25 3 -4.98072 -2.99052
25 4 -4.98062 -2.98829
25 5 -4.9802 -2.98799
25 6 -4.98005 -2.98786
25 7 -4.98006 -2.98788
25 8 -4.98007 -2.98793
25 9 -4.98002 -2.98798
25 10 -4.97996 -2.98799
25 11 -4.97996 -2.988
25 12 -4.97996 -2.988
25 13 -4.97996 -2.988
25 14 -4.97996 -2.988
26 0 -4.66428 0.105194
26 1 -4.86547 0.1617
26 2 -4.86547 0.1617
26 3 -4.86547 0.1617
26 4 -4.86547 0.1617
26 5 -4.86547 0.1617
26 6 -4.86547 0.1617
26 7 -4.86547 0.1617
26 8 -4.8465 0.0481965
26 9 -4.8465 0.0481965
26 10 -4.8465 0.0481965
26 11 -4.8465 0.0481965
26 12 -4.8465 0.0481965
26 13 -4.8465 0.0481965
26 14 -4.92895 -0.00438945
27 0 -3.01729 0.914213
27 1 -3.01729 0.914213
27 2 -2.95089 0.991351
27 3 -2.95724 0.998121
27 4 -2.95864 0.999259
27 5 -2.95864 0.999259
27 6 -2.95864 0.999259
27 7 -2.95864 0.999259
27 8 -2.95864 0.999259
27 9 -2.95864 0.999259
27 10 -2.95864 0.999259
27 11 -2.95864 0.999259
27 12 -2.95864 0.999259
27 13 -2.95864 0.999259
27 14 -2.95864 0.999259
28 0 -0.875068 0.676186
28 1 -0.878429 0.901761
28 2 -0.878429 0.901761
28 3 -0.878429 0.901761
28 4 -0.878429 0.901761
28 5 -0.905029 1.01156
28 6 -0.905029 1.01156
28 7 -0.905029 1.01156
28 8 -0.905029 1.01156
28 9 -0.905029 1.01156
28 10 -0.964535 0.950598
28 11 -0.0378627 0.148668
28 12 -0.0378627 0.148668
28 13 -0.0378627 0.148668
28 14 -0.0378627 0.148668
29 0 -1.78869 0.341157
29 1 -1.95236 -0.163576
29 2 -1.14907 0.0612901
29 3 -1.14907 0.0612901
29 4 -1.14907 0.0612901
29 5 -1.14907 0.0612901
29 6 -1.14907 0.0612901
29 7 -1.14907 0.0612901
29 8 -1.14907 0.0612901
29 9 -1.14907 0.0612901
29 10 -1.14907 0.0612901
29 11 -1.14907 0.0612901
29 12 -1.14907 0.0612901
29 13 -1.14907 0.0612901
29 14 -1.14907 0.0612901
30 0 0.151403 -0.989933
30 1 -0.0099573 -0.979254
30 2 -0.0099573 -0.979254
30 3 -0.0180374 -0.971822
30 4 -0.0190384 -0.970657
30 5 -0.0190384 -0.970657
30 6 -0.0190384 -0.970657
30 7 -0.0190384 -0.970657
30 8 -0.0190384 -0.970657
30 9 -0.0190384 -0.970657
30 10 -0.0190384 -0.970657
30 11 -0.0190384 -0.970657
30 12 -0.0190384 -0.970657
30 13 -0.0190384 -0.970657
30 14 -0.0190384 -0.970657
31 0 3.78079 1.12182
31 1 3.7994 0.91392
31 2 3.97733 0.876942
31 3 4.04349 0.97678
31 4 3.98576 0.949946
31 5 3.9798 0.969169
31 6 3.96633 0.991461
31 7 3.97084 0.993236
31 8 3.9708 0.992911
31 9 3.9709 0.992768
31 10 3.97092 0.992768
31 11 3.97092 0.992767
31 12 3.97092 0.992767
31 13 3.97092 0.992767
31 14 3.97092 0.992767
32 0 -0.590053 -0.0918261
32 1 -0.575396 0.00688264
32 2 -0.077334 0.174207
32 3 -0.077334 0.174207
32 4 -0.0360071 0.187693
32 5 -0.0360071 0.187693
32 6 -0.0360071 0.187693
32 7 -0.0360071 0.187693
32 8 -0.0360071 0.187693
32 9 -0.0360071 0.187693
32 10 -0.0360071 0.187693
32 11 -0.0360071 0.187693
32 12 -0.122961 0.11794
32 13 -0.0550326 -0.062195
32 14 -0.0550326 -0.062195
33 0 3.92626 -3.98177
33 1 3.99141 -3.96574
33 2 3.99249 -3.98548
33 3 3.99249 -3.98548
33 4 3.99249 -3.98548
33 5 3.99249 -3.98548
33 6 3.99249 -3.98548
33 7 3.99249 -3.98548
33 8 3.99249 -3.98548
33 9 3.99249 -3.98548
33 10 3.99249 -3.98548
33 11 3.99249 -3.98548
33 12 3.99249 -3.98548
33 13 3.99249 -3.98548
33 14 3.99249 -3.98548
34 0 2.88202 -4.01899
34 1 2.95228 -4.03887
34 2 2.987 -4.02436
34 3 2.97764 -3.99415
34 4 2.97674 -3.97713
34 5 2.97851 -3.97878
34 6 2.98208 -3.97902
34 7 2.98422 -3.97904
34 8 2.98421 -3.97892
34 9 2.98421 -3.97892
34 10 2.98421 -3.97892
34 11 2.98421 -3.97892
34 12 2.98421 -3.97892
34 13 2.98421 -3.97892
34 14 2.98421 -3.97892
35 0 -2.93587 0.0341095
35 1 -2.94404 0.0381937
35 2 -2.94404 0.0381937
35 3 -2.94404 0.0381937
35 4 -2.94404 0.0381937
35 5 -2.96905 0.0329656
35 6 -2.96813 0.00167793
35 7 -2.9641 3.35379e-05
35 8 -2.96459 8.7918e-05
35 9 -2.96462 5.5371e-06
35 10 -2.96462 1.46837e-06
35 11 -2.96462 4.09542e-07
35 12 -2.96462 -1.17284e-07
35 13 -2.96462 -1.26738e-07
35 14 -2.96462 -1.53128e-08
36 0 3.96644 -3.01313
36 1 3.99057 -3.00224
36 2 3.99437 -2.99767
36 3 3.99601 -2.99503
36 4 3.99407 -2.99375
36 5 3.98316 -2.98503
36 6 3.97903 -2.98358
36 7 3.97885 -2.98398
36 8 3.97879 -2.98414
36 9 3.97884 -2.98418
36 10 3.97892 -2.98421
36 11 3.97892 -2.98422
36 12 3.97892 -2.98421
36 13 3.97892 -2.98421
36 14 3.97892 -2.98421
37 0 0.675076 0.357199
37 1 0.0269311 -0.463516
37 2 0.112035 -0.0739593
37 3 0.112035 -0.0739593
37 4 0.112035 -0.0739593
37 5 0.112035 -0.0739593
37 6 0.112035 -0.0739593
37 7 0.112035 -0.0739593
37 8 0.112035 -0.0739593
37 9 0.112035 -0.0739593
37 10 0.112035 -0.0739593
37 11 0.112035 -0.0739593
37 12 0.112035 -0.0739593
37 13 0.112035 -0.0739593
37 14 0.112035 -0.0739593
38 0 -5.02499 2.01582
38 1 -4.99885 2.0316
38 2 -5.00118 1.98988
38 3 -5.00118 1.98988
38 4 -5.00118 1.98988
38 5 -5.00118 1.98988
38 6 -5.00118 1.98988
38 7 -5.00118 1.98988
38 8 -5.00118 1.98988
38 9 -5.00118 1.98988
38 10 -5.00118 1.98988
38 11 -5.00118 1.98988
38 12 -5.00118 1.98988
38 13 -5.00118 1.98988
38 14 -5.00118 1.98988
39 0 -0.976728 2.01233
39 1 -0.997038 2.00605
39 2 -1.00022 1.97351
39 3 -0.997072 1.96373
39 4 -0.990731 1.96503
39 5 -0.982862 1.96668
39 6 -0.982558 1.96506
39 7 -0.982347 1.96463
39 8 -0.982423 1.96461
39 9 -0.982416 1.96462
39 10 -0.982417 1.96462
39 11 -0.982417 1.96462
39 12 -0.982417 1.96462
39 13 -0.982417 1.96462
39 14 -0.982417 1.96462
40 0 -0.00182447 0.214105
40 1 -0.0895193 0.119627
40 2 -0.0895193 0.119627
40 3 -0.0545018 0.109204
40 4 0.0317262 0.0857515
40 5 0.0317262 0.0857515
40 6 0.0317262 0.0857515
40 7 0.0317262 0.0857515
40 8 0.0317262 0.0857515
40 9 0.0317262 0.0857515
40 10 0.0317262 0.0857515
40 11 0.0317262 0.0857515
40 12 0.0317262 0.0857515
40 13 0.0317262 0.0857515
40 14 0.0317262 0.0857515
41 0 -3.97822 2.96737
41 1 -3.96865 2.98104
41 2 -3.97727 2.98112
41 3 -3.97897 2.98224
41 4 -3.97887 2.98284
41 5 -3.97863 2.98416
41 6 -3.97885 2.98421
41 7 -3.97892 2.98423
41 8 -3.97893 2.98422
41 9 -3.97893 2.98421
41 10 -3.97893 2.98421
41 11 -3.97892 2.98421
41 12 -3.97892 2.98421
41 13 -3.97892 2.98421
41 14 -3.97892 2.98421
42 0 0.539794 1.29881
42 1 -0.371511 0.721121
42 2 -0.371511 0.721121
42 3 -0.371511 0.721121
42 4 -0.371511 0.721121
42 5 -0.371511 0.721121
42 6 -0.371511 0.721121
42 7 -0.371511 0.721121
42 8 -0.371511 0.721121
42 9 -0.371511 0.721121
42 10 -0.371511 0.721121
42 11 -0.371511 0.721121
42 12 -0.371511 0.721121
42 13 -0.371511 0.721121
42 14 -0.371511 0.721121
43 0 0.730988 -4.77672
43 1 0.687925 -4.93243
43 2 0.687925 -4.93243
43 3 0.687925 -4.93243
43 4 0.687925 -4.93243
43 5 -3.09846 -4.12977
43 6 -3.09846 -4.12977
43 7 -3.09846 -4.12977
43 8 -3.09846 -4.12977
43 9 -3.09846 -4.12977
43 10 -3.09846 -4.12977
43 11 -2.98851 -4.13748
43 12 -2.98851 -4.13748
43 13 -2.98851 -4.13748
43 14 -2.98851 -4.13748
44 0 -1.04173 -1.04198
44 1 -0.938454 -0.938674
44 2 -0.966054 -0.964942
44 3 -0.96935 -0.96823
44 4 -0.969034 -0.967914
44 5 -0.969038 -0.967917
44 6 -0.969038 -0.967917
44 7 -0.969038 -0.967917
44 8 -0.969038 -0.967917
44 9 -0.969038 -0.967917
44 10 -0.969038 -0.967917
44 11 -0.969038 -0.967917
44 12 -0.969038 -0.967917
44 13 -0.969038 -0.967917
44 14 -0.969038 -0.967917
45 0 -1.51791 -2.84187
45 1 -0.969025 -3.09276
45 2 -0.964403 -3.09185
45 3 -1.01857 -3.03247
45 4 -1.04691 -2.99461
45 5 -1.04691 -2.99461
45 6 -1.04691 -2.99461
45 7 -1.04691 -2.99461
45 8 -1.04691 -2.99461
45 9 -1.04691 -2.99461
45 10 -1.04691 -2.99461
45 11 -1.04691 -2.99461
45 12 -1.04691 -2.99461
45 13 -1.04691 -2.99461
45 14 -1.04691 -2.99461
46 0 -1.77803 -0.894336
46 1 -1.92323 -0.853576
46 2 -1.92323 -0.853576
46 3 -1.92323 -0.853576
46 4 -1.92323 -0.853576
46 5 -1.92323 -0.853576
46 6 -1.92323 -0.853576
46 7 -1.92323 -0.853576
46 8 -1.92323 -0.853576
46 9 -1.92323 -0.853576
46 10 -1.92323 -0.853576
46 11 -1.92323 -0.853576
46 12 -1.92251 -1.00621
46 13 -1.93462 -1.00661
46 14 -1.96942 -0.973187
47 0 2.01341 2.65172
47 1 2.01636 3.08798
47 2 1.95025 3.05633
47 3 1.93448 2.9478
47 4 1.96663 2.96787
47 5 1.9808 2.98009
47 6 1.97832 2.97746
47 7 1.97799 2.97709
47 8 1.97795 2.977
47 9 1.97883 2.97441
47 10 1.98296 2.97348
47 11 1.98217 2.97331
47 12 1.98213 2.97316
47 13 1.98213 2.97314
47 14 1.98214 2.97314
48 0 2.82597 0.0258605
48 1 2.9109 0.0817943
48 2 2.88629 0.0537775
48 3 2.88067 0.0365525
48 4 2.91197 0.0153526
48 5 2.97527 -0.00849084
48 6 2.96626 0.00184571
48 7 2.96352 0.00051865
48 8 2.9642 0.000671034
48 9 2.96458 0.00031574
48 10 2.96461 5.8525e-05
48 11 2.96463 2.22902e-07
48 12 2.96462 -1.40499e-07
48 13 2.96462 5.94658e-08
48 14 2.96462 3.91771e-08
49 0 3.9826 -0.442503
49 1 4.05316 1.03546
49 2 4.05316 1.03546
49 3 3.95457 1.01343
49 4 3.96809 0.996836
49 5 3.97115 0.993177
49 6 3.97088 0.992753
49 7 3.9709 0.992776
49 8 3.97091 0.992779
49 9 3.97091 0.992779
49 10 3.97091 0.992772
49 11 3.97092 0.992768
49 12 3.97092 0.992767
49 13 3.97092 0.992767
49 14 3.97092 0.992767
50 0 0.913908 0.00873987
50 1 0.940306 0.0268732
50 2 0.938983 0.00497827
50 3 0.938983 0.00497827
50 4 0.943891 0.00368247
50 5 0.951456 -8.70354e-05
50 6 0.952158 -0.00026285
50 7 0.952204 -0.000189564
50 8 0.952285 -6.90912e-05
50 9 0.952271 -5.90549e-05
50 10 0.952196 -4.99714e-06
50 11 0.952167 5.04428e-06
50 12 0.952165 2.19153e-06
50 13 0.952165 1.00352e-06
50 14 0.952165 3.24126e-07
51 0 -5.00722 -0.0583818
51 1 -4.99079 -0.0629183
51 2 -4.9494 -0.0545656
51 3 -4.97622 -0.0278969
51 4 -4.97642 -0.00674505
51 5 -4.97396 8.46715e-05
51 6 -4.9738 5.94992e-05
51 7 -4.97362 -1.27471e-05
51 8 -4.97361 -5.14809e-06
51 9 -4.97361 -2.84027e-06
51 10 -4.97361 -2.52517e-06
51 11 -4.97361 -2.41712e-06
51 12 -4.97361 -6.4357e-07
51 13 -4.97361 -1.33086e-07
51 14 -4.97361 -2.10884e-08
52 0 5.09743 -2.29336
52 1 1.72588 -1.26674
52 2 1.72588 -1.26674
52 3 1.72347 -0.936402
52 4 1.69085 0.135139
52 5 1.68324 -0.0579402
52 6 1.0598 0.990488
52 7 1.0598 0.990488
52 8 1.0184 0.189631
52 9 0.993714 0.0250162
52 10 0.991982 0.0273323
52 11 0.985568 0.0330572
52 12 0.985568 0.0330572
52 13 0.985568 0.0330572
52 14 0.985568 0.0330572
53 0 -0.126099 -2.58252
53 1 0.0804393 -2.49194
53 2 0.41948 -0.0865042
53 3 0.41948 -0.0865042
53 4 0.33812 -0.179386
53 5 0.0762763 -0.322241
53 6 0.182779 -0.193623
53 7 0.182779 -0.193623
53 8 0.182779 -0.193623
53 9 0.182779 -0.193623
53 10 0.182779 -0.193623
53 11 0.182779 -0.193623
53 12 0.182779 -0.193623
53 13 0.182779 -0.193623
53 14 0.182779 -0.193623
54 0 -1.95769 -4.9515
54 1 -1.96123 -4.99013
54 2 -1.9825 -4.96525
54 3 -1.98571 -4.96428
54 4 -1.98973 -4.96392
54 5 -1.99115 -4.96402
54 6 -1.99085 -4.96502
54 7 -1.98878 -4.97596
54 8 -1.99096 -4.97676
54 9 -1.99081 -4.97675
54 10 -1.99076 -4.97682
54 11 -1.99076 -4.97684
54 12 -1.99076 -4.97684
54 13 -1.99076 -4.97684
54 14 -1.99076 -4.97684
55 0 0.050827 4.54793
55 1 -0.0790999 3.94563
55 2 0.12587 0.54981
55 3 0.0747102 -0.376234
55 4 -0.0780011 0.161577
55 5 0.078311 0.0407794
55 6 0.00416385 0.0125942
55 7 -0.000267783 -0.00207337
55 8 0.00085356 -0.00161478
55 9 0.000589962 -0.000242671
55 10 0.000393909 0.000154323
55 11 -8.78386e-05 0.000163012
55 12 -1.649e-05 -7.06623e-05
55 13 2.8416e-05 -4.54285e-06
55 14 4.43969e-06 -6.08185e-06
56 0 -2.99231 -1.00217
56 1 -2.99089 -0.983403
56 2 -2.98108 -1.00057
56 3 -2.97452 -1.00297
56 4 -2.96579 -1.00021
56 5 -2.96601 -0.995215
56 6 -2.96759 -0.989164
56 7 -2.96721 -0.989146
56 8 -2.96726 -0.989156
56 9 -2.96726 -0.989154
56 10 -2.96726 -0.989154
56 11 -2.96726 -0.989154
56 12 -2.96726 -0.989154
56 13 -2.96726 -0.989154
56 14 -2.96726 -0.989154
57 0 0.620788 -0.714659
57 1 0.288536 -0.758552
57 2 0.288536 -0.758552
57 3 0.288536 -0.758552
57 4 0.288536 -0.758552
57 5 0.288536 -0.758552
57 6 0.288536 -0.758552
57 7 0.288536 -0.758552
57 8 0.293585 -0.947434
57 9 0.293585 -0.947434
57 10 0.293585 -0.947434
57 11 0.293585 -0.947434
57 12 0.290453 -0.146657
57 13 0.288451 0.0356919
57 14 0.286055 -0.00605964
58 0 -2.00557 -2.8491
58 1 -1.98714 -2.8477
58 2 -1.98566 -2.94458
58 3 -1.98266 -2.96834
58 4 -1.98133 -2.97321
58 5 -1.98194 -2.97323
58 6 -1.98214 -2.97315
58 7 -1.98214 -2.97314
58 8 -1.98214 -2.97314
58 9 -1.98214 -2.97314
58 10 -1.98214 -2.97314
58 11 -1.98214 -2.97314
58 12 -1.98214 -2.97314
58 13 -1.98214 -2.97314
58 14 -1.98214 -2.97314
59 0 -2.94584 4.52619
59 1 -2.9905 4.03499
59 2 -2.9905 4.03499
59 3 -2.97705 3.97086
59 4 -2.98456 3.97259
59 5 -2.984 3.97851
59 6 -2.98415 3.97892
59 7 -2.98423 3.97892
59 8 -2.98421 3.97892
59 9 -2.98421 3.97892
59 10 -2.98421 3.97892
59 11 -2.98421 3.97892
59 12 -2.98421 3.97892
59 13 -2.98421 3.97892
59 14 -2.98421 3.97892
60 0 -3.99407 0.00496166
60 1 -3.99424 0.00390388
60 2 -3.99361 -0.00255424
60 3 -3.9779 -0.0101622
60 4 -3.97084 -0.00336119
60 5 -3.96847 -0.000997426
60 6 -3.96845 -0.000973427
60 7 -3.96845 -0.000973427
60 8 -3.96845 -0.000973427
60 9 -3.96845 -0.000973427
60 10 -3.96845 -0.000973427
60 11 -3.96845 -0.000973427
60 12 -3.96845 -0.000973427
60 13 -3.96845 -0.000973427
60 14 -3.96845 -0.000973427
61 0 -0.777146 -2.10973
61 1 -0.777146 -2.10973
61 2 -1.0685 -2.0382
61 3 -0.98072 -1.98294
61 4 -0.975636 -1.96994
61 5 -0.977589 -1.96609
61 6 -0.983175 -1.96506
61 7 -0.982432 -1.96479
61 8 -0.982392 -1.96466
61 9 -0.982396 -1.96462
61 10 -0.98242 -1.96462
61 11 -0.982416 -1.96462
61 12 -0.982416 -1.96462
61 13 -0.982416 -1.96462
61 14 -0.982416 -1.96462
62 0 -4.79487 0.13451
62 1 -4.79487 0.13451
62 2 -4.79487 0.13451
62 3 -4.79487 0.13451
62 4 -4.79487 0.13451
62 5 0.0519059 5.02305
62 6 0.0519059 5.02305
62 7 0.0155295 4.98641
62 8 0.000337462 4.98664
62 9 -0.000121798 4.98438
62 10 -0.00235849 4.97421
62 11 -0.000718232 4.97373
62 12 -4.86726e-05 4.97349
62 13 4.87525e-06 4.97359
62 14 1.47e-05 4.9736
63 0 -3.96836 4.97653
63 1 -3.97004 4.98576
63 2 -3.97242 4.97918
63 3 -3.98045 4.98785
63 4 -3.98457 4.98919
63 5 -3.98654 4.98916
63 6 -3.98653 4.98824
63 7 -3.98654 4.98322
63 8 -3.98657 4.9832
63 9 -3.98657 4.9832
63 10 -3.98657 4.9832
63 11 -3.98657 4.9832
63 12 -3.98657 4.9832
63 13 -3.98657 4.9832
63 14 -3.98657 4.9832
64 0 3.94339 4.91671
64 1 3.94175 4.96894
64 2 3.94521 4.98499
64 3 3.9833 4.95795
64 4 3.99135 4.97752
64 5 3.99049 4.98105
64 6 3.98515 4.9828
64 7 3.98649 4.98293
64 8 3.98657 4.98319
64 9 3.98657 4.9832
64 10 3.98657 4.9832
64 11 3.98657 4.9832
64 12 3.98657 4.9832
64 13 3.98657 4.9832
64 14 3.98657 4.9832
65 0 -1.61769 1.21009
65 1 -1.63107 0.891402
65 2 -1.91354 0.785044
65 3 -1.96324 0.786861
65 4 0.440468 0.99333
65 5 0.941625 0.919096
65 6 0.960587 0.919438
65 7 0.975304 0.922573
65 8 0.957088 0.961311
65 9 0.956007 0.964938
65 10 0.956007 0.964938
65 11 0.956007 0.964938
65 12 0.956007 0.964938
65 13 0.956007 0.964938
65 14 0.956007 0.964938
66 0 0.0659646 -1.49471
66 1 0.0659646 -1.49471
66 2 0.0659646 -1.49471
66 3 0.0659646 -1.49471
66 4 0.0659646 -1.49471
66 5 0.0659646 -1.49471
66 6 0.0659646 -1.49471
66 7 0.0659646 -1.49471
66 8 0.0659646 -1.49471
66 9 0.0659646 -1.49471
66 10 0.0659646 -1.49471
66 11 0.0659646 -1.49471
66 12 0.0659646 -1.49471
66 13 0.0659646 -1.49471
66 14 0.0659646 -1.49471
67 0 -4.04013 3.11745
67 1 -4.05993 3.0234
67 2 -3.9754 2.99393
67 3 -3.9754 2.99393
67 4 -3.9754 2.99393
67 5 -3.9754 2.99393
67 6 -3.9754 2.99393
67 7 -3.9754 2.99393
67 8 -3.9754 2.99393
67 9 -3.9754 2.99393
67 10 -3.9754 2.99393
67 11 -3.9754 2.99393
67 12 -3.9754 2.99393
67 13 -3.9754 2.99393
67 14 -3.9754 2.99393
68 0 -1.14839 -0.930283
68 1 -1.14839 -0.930283
68 2 -1.14839 -0.930283
68 3 -1.14839 -0.930283
68 4 -1.14839 -0.930283
68 5 -1.15063 -0.956849
68 6 -1.15063 -0.956849
68 7 -1.01642 -0.992337
68 8 -0.971529 -0.995244
68 9 -0.967111 -0.981737
68 10 -0.963892 -0.970341
68 11 -0.966519 -0.968903
68 12 -0.96821 -0.968192
68 13 -0.968496 -0.968386
68 14 -0.968518 -0.968425
69 0 4.85215 3.14269
69 1 4.9062 3.16464
69 2 4.9062 3.16464
69 3 5.03392 3.11155
69 4 5.02929 3.05734
69 5 4.98882 2.95415
69 6 4.99726 2.98164
69 7 4.98896 2.98552
69 8 4.98129 2.9893
69 9 4.97987 2.98838
69 10 4.97979 2.98821
69 11 4.97977 2.98809
69 12 4.97992 2.988
69 13 4.97995 2.98799
69 14 4.97996 2.98799
70 0 1.00889 -1.8
70 1 0.994153 -1.79655
70 2 0.994153 -1.79655
70 3 0.994153 -1.79655
70 4 0.994153 -1.79655
70 5 0.994153 -1.79655
70 6 0.994153 -1.79655
70 7 0.994153 -1.79655
70 8 0.994153 -1.79655
70 9 0.994153 -1.79655
70 10 0.994153 -1.79655
70 11 0.994153 -1.79655
70 12 0.994153 -1.79655
70 13 0.994153 -1.79655
70 14 0.994153 -1.79655
71 0 0.908026 -0.0133163
71 1 0.937391 0.00232328
71 2 0.937391 0.00232328
71 3 0.937391 0.00232328
71 4 0.954253 0.00137395
71 5 0.952061 9.29685e-05
71 6 0.952096 8.65582e-05
71 7 0.952152 2.96563e-05
71 8 0.952163 6.59682e-06
71 9 0.952168 1.10775e-07
71 10 0.952167 2.1223e-07
71 11 0.952167 7.25427e-08
71 12 0.952167 3.01071e-08
71 13 0.952167 2.20771e-08
71 14 0.952167 2.20771e-08
72 0 -3.00989 -2.94919
72 1 -2.97824 -2.9609
72 2 -2.98459 -2.98044
72 3 -2.981 -2.98218
72 4 -2.97933 -2.982
72 5 -2.9793 -2.98064
72 6 -2.97922 -2.97923
72 7 -2.97922 -2.97922
72 8 -2.97922 -2.97922
72 9 -2.97922 -2.97922
72 10 -2.97922 -2.97922
72 11 -2.97922 -2.97922
72 12 -2.97922 -2.97922
72 13 -2.97922 -2.97922
72 14 -2.97922 -2.97922
73 0 -3.0107 3.4706
73 1 -3.10013 1.78469
73 2 -3.09321 1.77773
73 3 -3.09341 2.03314
73 4 -3.09341 2.03314
73 5 -3.09601 1.97227
73 6 -3.09601 1.97227
73 7 -3.09601 1.97227
73 8 -3.09601 1.97227
73 9 -3.09601 1.97227
73 10 -3.09601 1.97227
73 11 -3.09601 1.97227
73 12 -3.09601 1.97227
73 13 -3.09601 1.97227
73 14 -3.09601 1.97227
74 0 4.08076 -1.87581
74 1 2.58894 -0.852941
74 2 2.91427 -0.892695
74 3 2.96412 -0.898263
74 4 2.93572 -0.953395
74 5 2.95573 -0.997564
74 6 2.9655 -0.999328
74 7 2.97017 -0.993369
74 8 2.97102 -0.992194
74 9 2.97096 -0.991695
74 10 2.96681 -0.989218
74 11 2.96722 -0.989215
74 12 2.96726 -0.989154
74 13 2.96726 -0.989154
74 14 2.96726 -0.989154
75 0 -1.4766 -2.79817
75 1 -0.835016 -3.13616
75 2 -0.847868 -2.907
75 3 -1.00886 -2.89307
75 4 -0.989745 -2.98194
75 5 -0.990472 -2.96467
75 6 -0.987692 -2.96717
75 7 -0.989656 -2.96723
75 8 -0.989154 -2.96725
75 9 -0.989154 -2.96726
75 10 -0.989154 -2.96726
75 11 -0.989154 -2.96726
75 12 -0.989154 -2.96726
75 13 -0.989154 -2.96726
75 14 -0.989154 -2.96726
76 0 0.0736905 -0.105758
76 1 0.0751573 -0.0168705
76 2 0.032603 0.0154709
76 3 0.00621042 0.0259256
76 4 0.00621042 0.0259256
76 5 0.00621042 0.0259256
76 6 0.00621042 0.0259256
76 7 0.00621042 0.0259256
76 8 0.00621042 0.0259256
76 9 0.00621042 0.0259256
76 10 0.00621042 0.0259256
76 11 0.00621042 0.0259256
76 12 0.00621042 0.0259256
76 13 0.00621042 0.0259256
76 14 0.00621042 0.0259256
77 0 -1.90646 0.881851
77 1 -1.90646 0.881851
77 2 -1.88958 0.986975
77 3 -1.88958 0.986975
77 4 -1.88958 0.986975
77 5 -1.88958 0.986975
77 6 -1.88958 0.986975
77 7 -1.88958 0.986975
77 8 -1.88958 0.986975
77 9 -1.88958 0.986975
77 10 -1.88958 0.986975
77 11 -1.88958 0.986975
77 12 -1.88958 0.986975
77 13 -1.88958 0.986975
77 14 -1.88958 0.986975
78 0 -2.9515 4.9913
78 1 -2.95129 4.97745
78 2 -2.95649 4.98469
78 3 -2.96915 4.98148
78 4 -2.98768 4.97455
78 5 -2.98712 4.97836
78 6 -2.98758 4.97992
78 7 -2.98808 4.97994
78 8 -2.988 4.97995
78 9 -2.98799 4.97996
78 10 -2.98799 4.97996
78 11 -2.98799 4.97996
78 12 -2.988 4.97996
78 13 -2.988 4.97996
78 14 -2.988 4.97996
79 0 2.996 1.98907
79 1 2.99578 1.97991
79 2 2.98469 1.99493
79 3 2.97873 1.98661
79 4 2.97435 1.98166
79 5 2.97404 1.98137
79 6 2.97396 1.98129
79 7 2.97396 1.98129
79 8 2.97324 1.98193
79 9 2.97317 1.98212
79 10 2.97312 1.98214
79 11 2.97314 1.98214
79 12 2.97314 1.98214
79 13 2.97314 1.98214
79 14 2.97314 1.98214
80 0 -3.55298 0.9632
80 1 -3.06685 1.05887
80 2 -3.06685 1.05887
80 3 -3.06685 1.05887
80 4 -3.05023 1.00616
80 5 -3.02267 0.984055
80 6 -2.99003 0.984947
80 7 -2.9676 0.990075
80 8 -2.96735 0.989303
80 9 -2.96722 0.989171
80 10 -2.96726 0.989154
80 11 -2.96726 0.989154
80 12 -2.96726 0.989154
80 13 -2.96726 0.989154
80 14 -2.96726 0.989154
81 0 4.96026 -0.0501622
81 1 4.998 -0.0273235
81 2 5.00198 -0.0216441
81 3 5.00317 -0.0198476
81 4 5.00128 -0.0180076
81 5 4.97927 -0.00313147
81 6 4.97444 0.000409901
81 7 4.97355 0.000244459
81 8 4.97361 5.95834e-05
81 9 4.97362 3.8272e-06
81 10 4.97361 -1.7552e-07
81 11 4.97361 3.62268e-07
81 12 4.97361 2.35634e-07
81 13 4.97361 1.13135e-07
81 14 4.97361 1.35414e-08
82 0 3.99196 -4.02441
82 1 3.98872 -3.97655
82 2 3.98394 -3.97656
82 3 3.98307 -3.98297
82 4 3.98305 -3.98307
82 5 3.98306 -3.98307
82 6 3.98307 -3.98307
82 7 3.98307 -3.98307
82 8 3.98307 -3.98307
82 9 3.98307 -3.98307
82 10 3.98307 -3.98307
82 11 3.98307 -3.98307
82 12 3.98307 -3.98307
82 13 3.98307 -3.98307
82 14 3.98307 -3.98307
83 0 1.99177 0.953
83 1 1.96762 0.986529
83 2 1.96425 0.980876
83 3 1.96425 0.980876
83 4 1.96425 0.980876
83 5 1.96425 0.980876
83 6 1.96425 0.980876
83 7 1.96425 0.980876
83 8 1.96425 0.980876
83 9 1.96425 0.980876
83 10 1.96425 0.980876
83 11 1.96425 0.980876
83 12 1.96425 0.980876
83 13 1.96425 0.980876
83 14 1.96425 0.980876
84 0 0.298746 3.686
84 1 0.298746 3.686
84 2 0.298746 3.686
84 3 0.298746 3.686
84 4 0.298746 3.686
84 5 0.298746 3.686
84 6 0.298746 3.686
84 7 0.298746 3.686
84 8 0.298746 3.686
84 9 0.298746 3.686
84 10 0.298746 3.686
84 11 0.298746 3.686
84 12 0.298746 3.686
84 13 0.298746 3.686
84 14 0.298746 3.686
85 0 1.9448 1.03321
85 1 1.97356 1.03294
85 2 1.96947 0.981438
85 3 1.96499 0.982749
85 4 1.96462 0.982502
85 5 1.96458 0.982455
85 6 1.96458 0.982442
85 7 1.96459 0.982427
85 8 1.96462 0.982419
85 9 1.96462 0.982417
85 10 1.96462 0.982416
85 11 1.96462 0.982416
85 12 1.96462 0.982416
85 13 1.96462 0.982416
85 14 1.96462 0.982416
86 0 0.12426 4.99954
86 1 0.12426 4.99954
86 2 0.12426 4.99954
86 3 0.12426 4.99954
86 4 0.12426 4.99954
86 5 0.12426 4.99954
86 6 0.12426 4.99954
86 7 0.12426 4.99954
86 8 0.12426 4.99954
86 9 0.12426 4.99954
86 10 0.12426 4.99954
86 11 0.12426 4.99954
86 12 0.12426 4.99954
86 13 0.12426 4.99954
86 14 0.12426 4.99954
87 0 1.96858 3.97259
87 1 1.98175 3.98173
87 2 1.98175 3.98173
87 3 1.98175 3.98173
87 4 1.98175 3.98173
87 5 1.98175 3.98173
87 6 1.98175 3.98173
87 7 1.98175 3.98173
87 8 1.98175 3.98173
87 9 1.98175 3.98173
87 10 1.98175 3.98173
87 11 1.98175 3.98173
87 12 1.98175 3.98173
87 13 1.98175 3.98173
87 14 1.98175 3.98173
88 0 0.893945 -2.69547
88 1 0.995932 -2.94965
88 2 0.994399 -2.96351
88 3 0.992915 -2.96225
88 4 0.992915 -2.96225
88 5 0.992915 -2.96225
88 6 0.992915 -2.96225
88 7 0.992915 -2.96225
88 8 0.992915 -2.96225
88 9 0.992915 -2.96225
88 10 0.992915 -2.96225
88 11 0.992915 -2.96225
88 12 0.992915 -2.96225
88 13 0.992915 -2.96225
88 14 0.992915 -2.96225
89 0 -0.930266 -1.83144
89 1 -0.985265 -1.84584
89 2 -1.01401 -1.93376
89 3 -0.999843 -1.96654
89 4 -0.976829 -1.96633
89 5 -0.982354 -1.9645
89 6 -0.982415 -1.96461
89 7 -0.98242 -1.96461
89 8 -0.98242 -1.96461
89 9 -0.982417 -1.96462
89 10 -0.982416 -1.96462
89 11 -0.982416 -1.96462
89 12 -0.982416 -1.96462
89 13 -0.982416 -1.96462
89 14 -0.982416 -1.96462
90 0 -4.00179 0.00379018
90 1 -4.00179 0.00379018
90 2 -3.98039 -0.00113909
90 3 -3.97017 -0.00174493
90 4 -3.96947 -9.77852e-05
90 5 -3.96943 -1.77466e-05
90 6 -3.96944 -1.35239e-05
90 7 -3.96946 1.37181e-06
90 8 -3.96947 1.99917e-06
90 9 -3.96947 7.26577e-07
90 10 -3.96947 2.29413e-08
90 11 -3.96947 1.1888e-09
90 12 -3.96947 1.1888e-09
90 13 -3.96947 1.1888e-09
90 14 -3.96947 1.1888e-09
91 0 -1.96468 -2.00649
91 1 -1.98125 -2.00272
91 2 -1.97248 -1.97504
91 3 -1.97461 -1.97451
91 4 -1.97445 -1.97449
91 5 -1.97445 -1.97446
91 6 -1.97445 -1.97445
91 7 -1.97445 -1.97445
91 8 -1.97445 -1.97445
91 9 -1.97445 -1.97445
91 10 -1.97445 -1.97445
91 11 -1.97445 -1.97445
91 12 -1.97445 -1.97445
91 13 -1.97445 -1.97445
91 14 -1.97445 -1.97445
92 0 1.86216 4.98198
92 1 1.97429 4.93388
92 2 1.97482 4.98603
92 3 1.98986 4.99161
92 4 1.98809 4.97898
92 5 1.99009 4.97685
92 6 1.99078 4.97684
92 7 1.99076 4.97684
92 8 1.99076 4.97684
92 9 1.99076 4.97684
92 10 1.99076 4.97684
92 11 1.99076 4.97684
92 12 1.99076 4.97684
92 13 1.99076 4.97684
92 14 1.99076 4.97684
93 0 1.13435 -1.35415
93 1 1.13435 -1.35415
93 2 1.13435 -1.35415
93 3 1.13435 -1.35415
93 4 1.13435 -1.35415
93 5 1.13435 -1.35415
93 6 1.13435 -1.35415
93 7 1.13435 -1.35415
93 8 1.13435 -1.35415
93 9 1.13435 -1.35415
93 10 0.90613 -1.36606
93 11 1.082 -1.22106
93 12 1.17157 -1.09405
93 13 1.17157 -1.09405
93 14 0.949032 -1.16063
94 0 -3.95828 4.51176
94 1 -3.98169 3.97978
94 2 -3.98164 3.98297
94 3 -3.98294 3.98333
94 4 -3.98309 3.98313
94 5 -3.98311 3.9831
94 6 -3.9831 3.98309
94 7 -3.98307 3.98308
94 8 -3.98307 3.98307
94 9 -3.98307 3.98307
94 10 -3.98307 3.98307
94 11 -3.98307 3.98307
94 12 -3.98307 3.98307
94 13 -3.98307 3.98307
94 14 -3.98307 3.98307
95 0 -0.341817 -1.76803
95 1 0.175159 -2.01023
95 2 -0.0612793 -0.611582
95 3 -0.0518743 0.852456
95 4 -0.0518743 0.852456
95 5 -0.0518743 0.852456
95 6 -0.0518743 0.852456
95 7 -0.0518743 0.852456
95 8 -0.220787 -0.28784
95 9 -0.224659 0.039968
95 10 -0.224659 0.039968
95 11 -0.225925 0.0335215
95 12 -0.225925 0.0335215
95 13 -0.225925 0.0335215
95 14 -0.225925 0.0335215
96 0 3.8481 -1.05957
96 1 3.8476 -1.00924
96 2 3.84775 -0.982695
96 3 3.84814 -0.994541
96 4 3.8491 -0.996086
96 5 3.87673 -1.02805
96 6 3.87673 -1.02805
96 7 3.87673 -1.02805
96 8 3.87673 -1.02805
96 9 3.87673 -1.02805
96 10 3.87673 -1.02805
96 11 3.87673 -1.02805
96 12 3.87673 -1.02805
96 13 3.87673 -1.02805
96 14 3.87673 -1.02805
97 0 1.96654 2.64387
97 1 1.97702 3.02514
97 2 1.97863 2.97217
97 3 1.98293 2.97326
97 4 1.98219 2.97293
97 5 1.98219 2.97305
97 6 1.98214 2.97314
97 7 1.98214 2.97314
97 8 1.98214 2.97314
97 9 1.98214 2.97314
97 10 1.98214 2.97314
97 11 1.98214 2.97314
97 12 1.98214 2.97314
97 13 1.98214 2.97314
97 14 1.98214 2.97314
98 0 -3.01203 -2.96975
98 1 -3.00976 -2.98392
98 2 -3.00774 -2.97523
98 3 -2.98759 -2.99751
98 4 -2.97023 -2.99178
98 5 -2.977 -2.98673
98 6 -2.97857 -2.98116
98 7 -2.97966 -2.9793
98 8 -2.97917 -2.97923
98 9 -2.97922 -2.97923
98 10 -2.97922 -2.97922
98 11 -2.97922 -2.97922
98 12 -2.97922 -2.97922
98 13 -2.97922 -2.97922
98 14 -2.97922 -2.97922
99 0 0.061515 -2.19916
99 1 0.061515 -2.19916
99 2 0.061515 -2.19916
99 3 0.061515 -2.19916
99 4 0.061515 -2.19916
99 5 0.061515 -2.19916
99 6 0.061515 -2.19916
99 7 0.061515 -2.19916
99 8 0.061515 -2.19916
99 9 0.061515 -2.19916
99 10 0.061515 -2.19916
99 11 0.061515 -2.19916
99 12 0.061515 -2.19916
99 13 0.061515 -2.19916
99 14 0.061515 -2.19916
100 0 1.22829 1.0575
100 1 1.22829 1.0575
100 2 1.22829 1.0575
100 3 1.22613 1.06178
100 4 0.985674 1.07507
100 5 0.976592 1.0757
100 6 0.976592 1.0757
100 7 0.976592 1.0757
100 8 0.976592 1.0757
100 9 0.976592 1.0757
100 10 0.976592 1.0757
100 11 0.976592 1.0757
100 12 0.976592 1.0757
100 13 0.976592 1.0757
100 14 0.976592 1.0757
101 0 -1.95493 -0.353337
101 1 -1.95493 -0.353337
101 2 -1.95493 -0.353337
101 3 -1.93944 -0.134586
101 4 -1.93944 -0.134586
101 5 -1.93944 -0.134586
101 6 -1.92718 0.0117469
101 7 -1.92718 0.0117469
101 8 -1.94968 -0.00296369
101 9 -1.95467 -0.00629739
101 10 -1.95492 -0.00532721
101 11 -1.96015 -0.000355191
101 12 -1.9589 -6.35784e-05
101 13 -1.95891 -1.27441e-05
101 14 -1.95892 -1.35964e-06
102 0 -1.07243 3.8718
102 1 -0.968071 3.8767
102 2 -0.979409 4.00302
102 3 -0.996925 3.9622
102 4 -0.990384 3.96947
102 5 -0.990821 3.96905
102 6 -0.990964 3.96892
102 7 -0.99102 3.9689
102 8 -0.992255 3.96923
102 9 -0.992663 3.97008
102 10 -0.992882 3.97081
102 11 -0.992761 3.9709
102 12 -0.992758 3.97091
102 13 -0.992756 3.97091
102 14 -0.992758 3.97091
103 0 -5.14193 -4.95312
103 1 -5.11368 -5.03468
103 2 -5.03539 -4.906
103 3 -5.00321 -4.99692
103 4 -4.98096 -4.99408
103 5 -4.98597 -4.98668
103 6 -4.98623 -4.98623
103 7 -4.98618 -4.98618
103 8 -4.98618 -4.98618
103 9 -4.98618 -4.98618
103 10 -4.98618 -4.98618
103 11 -4.98618 -4.98618
103 12 -4.98618 -4.98618
103 13 -4.98618 -4.98618
103 14 -4.98618 -4.98618
104 0 -1.06503 3.96445
104 1 -1.05684 3.98736
104 2 -1.05335 3.96408
104 3 -1.01556 3.93226
104 4 -1.00511 3.92959
104 5 -0.990847 3.9327
104 6 -0.989632 3.94375
104 7 -0.988684 3.97307
104 8 -0.993043 3.97087
104 9 -0.992819 3.97104
104 10 -0.992838 3.97101
104 11 -0.992851 3.97098
104 12 -0.992826 3.97094
104 13 -0.992765 3.97092
104 14 -0.992767 3.97092
105 0 4.96123 -3.97079
105 1 4.9902 -3.97551
105 2 4.9814 -3.97909
105 3 4.98151 -3.98206
105 4 4.98337 -3.9866
105 5 4.98316 -3.98658
105 6 4.9832 -3.98657
105 7 4.9832 -3.98657
105 8 4.9832 -3.98657
105 9 4.9832 -3.98657
105 10 4.9832 -3.98657
105 11 4.9832 -3.98657
105 12 4.9832 -3.98657
105 13 4.9832 -3.98657
105 14 4.9832 -3.98657
106 0 -0.19819 -1.2705
106 1 -0.79063 0.0687489
106 2 -0.79063 0.0687489
106 3 -0.890822 0.11406
106 4 -0.929461 0.119242
106 5 -0.929461 0.119242
106 6 -0.929461 0.119242
106 7 -0.929461 0.119242
106 8 -0.929461 0.119242
106 9 -0.929461 0.119242
106 10 -0.929461 0.119242
106 11 -0.929461 0.119242
106 12 -0.929461 0.119242
106 13 -0.929461 0.119242
106 14 -0.929461 0.119242
107 0 0.909892 -2.21419
107 1 0.909892 -2.21419
107 2 0.909892 -2.21419
107 3 0.909892 -2.21419
107 4 0.909892 -2.21419
107 5 0.909892 -2.21419
107 6 0.909892 -2.21419
107 7 0.909892 -2.21419
107 8 0.909892 -2.21419
107 9 0.909892 -2.21419
107 10 0.909892 -2.21419
107 11 0.909892 -2.21419
107 12 0.909892 -2.21419
107 13 0.909892 -2.21419
107 14 0.909892 -2.21419
108 0 3.08147 2.01682
108 1 3.07659 1.97335
108 2 3.0426 2.02088
108 3 3.01819 2.03962
108 4 3.01819 2.03962
108 5 3.01819 2.03962
108 6 3.01819 2.03962
108 7 3.01819 2.03962
108 8 3.01819 2.03962
108 9 3.01819 2.03962
108 10 3.01819 2.03962
108 11 3.01819 2.03962
108 12 3.01819 2.03962
108 13 3.01819 2.03962
108 14 3.01819 2.03962
109 0 3.95716 0.080197
109 1 3.95716 0.080197
109 2 3.95716 0.080197
109 3 3.99603 0.0313338
109 4 3.959 -3.15146e-05
109 5 3.96395 0.00569239
109 6 3.96341 0.0049268
109 7 3.96346 0.00401384
109 8 3.96981 -7.19785e-06
109 9 3.96949 4.24472e-05
109 10 3.96947 3.8824e-06
109 11 3.96946 1.52557e-06
109 12 3.96946 1.14169e-06
109 13 3.96947 4.78024e-09
109 14 3.96947 8.31532e-08
110 0 1.95546 -1.93584
110 1 1.96746 -1.93311
110 2 1.98117 -1.98514
110 3 1.97939 -1.97902
110 4 1.98006 -1.97765
110 5 1.98006 -1.97765
110 6 1.98006 -1.97765
110 7 1.98006 -1.97765
110 8 1.98006 -1.97765
110 9 1.98006 -1.97765
110 10 1.98006 -1.97765
110 11 1.98006 -1.97765
110 12 1.98006 -1.97765
110 13 1.98006 -1.97765
110 14 1.98006 -1.97765
111 0 4.46789 -4.96848
111 1 3.96277 -5.8373
111 2 3.92078 -5.91386
111 3 3.84841 -5.09508
111 4 3.85848 -5.10394
111 5 3.88295 -5.12077
111 6 3.88295 -5.12077
111 7 3.88295 -5.12077
111 8 3.88295 -5.12077
111 9 3.88295 -5.12077
111 10 3.88295 -5.12077
111 11 3.88295 -5.12077
111 12 3.88295 -5.12077
111 13 3.88295 -5.12077
111 14 3.88295 -5.12077
112 0 -4.5818 1.97165
112 1 -4.818 2.12932
112 2 -4.818 2.12932
112 3 -4.818 2.12932
112 4 -4.818 2.12932
112 5 -4.818 2.12932
112 6 -2.40773 -1.01532
112 7 -2.40773 -1.01532
112 8 -2.40773 -1.01532
112 9 -2.40773 -1.01532
112 10 -2.40773 -1.01532
112 11 -2.40773 -1.01532
112 12 -2.40773 -1.01532
112 13 -2.40773 -1.01532
112 14 -2.40773 -1.01532
113 0 -0.894543 -0.185336
113 1 -0.960104 -0.173389
113 2 -1.00094 -0.0277552
113 3 -0.966943 0.00274225
113 4 -0.961297 0.00866716
113 5 -0.96182 0.008084
113 6 -0.961972 0.00772272
113 7 -0.960121 0.00283243
113 8 -0.951027 0.000545834
113 9 -0.95212 0.000262084
113 10 -0.95218 3.40934e-05
113 11 -0.95218 3.15017e-06
113 12 -0.952167 -3.39705e-09
113 13 -0.952167 -1.48831e-07
113 14 -0.952167 -2.83908e-08
114 0 2.01733 -4.20088
114 1 2.03958 -4.19346
114 2 2.02652 -3.97263
114 3 1.99322 -3.9729
114 4 1.98726 -3.97566
114 5 1.98758 -3.97458
114 6 1.9874 -3.97455
114 7 1.98731 -3.97453
114 8 1.98731 -3.97454
114 9 1.98731 -3.97454
114 10 1.98731 -3.97454
114 11 1.98731 -3.97454
114 12 1.98731 -3.97454
114 13 1.98731 -3.97454
114 14 1.98731 -3.97454
115 0 3.65577 0.0235695
115 1 4.02003 0.186977
115 2 3.87792 0.0397932
115 3 3.89854 0.0605437
115 4 3.89862 0.0604962
115 5 3.96312 0.000683935
115 6 3.96865 -0.000897844
115 7 3.96972 -0.000544261
115 8 3.96955 -0.000291712
115 9 3.96945 -4.8456e-05
115 10 3.96946 -3.89629e-06
115 11 3.96947 2.39792e-08
115 12 3.96947 -1.27122e-07
115 13 3.96947 -1.27724e-07
115 14 3.96947 -1.27724e-07
116 0 1.01077 -0.258495
116 1 1.01077 -0.258495
116 2 1.01077 -0.258495
116 3 1.01077 -0.258495
116 4 1.01077 -0.258495
116 5 1.01077 -0.258495
116 6 0.127194 0.213812
116 7 -0.0182785 0.21114
116 8 -0.0182785 0.21114
116 9 -0.0182785 0.21114
116 10 -0.0182785 0.21114
116 11 -0.0182785 0.21114
116 12 -0.0182785 0.21114
116 13 -0.0182785 0.21114
116 14 -0.0182785 0.21114
117 0 -3.98338 -3.00247
117 1 -3.97268 -2.99498
117 2 -3.97268 -2.99498
117 3 -3.97268 -2.99498
117 4 -3.97268 -2.99498
117 5 -3.97268 -2.99498
117 6 -3.97268 -2.99498
117 7 -3.97268 -2.99498
117 8 -3.97268 -2.99498
117 9 -3.97268 -2.99498
117 10 -3.97268 -2.99498
117 11 -3.97268 -2.99498
117 12 -3.97268 -2.99498
117 13 -3.97268 -2.99498
117 14 -3.97268 -2.99498
118 0 -3.96546 1.98785
118 1 -3.96591 1.9853
118 2 -3.96625 1.98854
118 3 -3.974 1.9921
118 4 -3.97455 1.98815
118 5 -3.97467 1.98733
118 6 -3.97457 1.98731
118 7 -3.97454 1.98731
118 8 -3.97454 1.98731
118 9 -3.97454 1.98731
118 10 -3.97454 1.98731
118 11 -3.97454 1.98731
118 12 -3.97454 1.98731
118 13 -3.97454 1.98731
118 14 -3.97454 1.98731
119 0 -0.0132479 -0.917181
119 1 -0.0126327 -0.946537
119 2 -0.00335442 -0.946627
119 3 5.36064e-05 -0.952885
119 4 -9.91004e-05 -0.952174
119 5 8.85213e-06 -0.952152
119 6 -8.04574e-07 -0.952167
119 7 -1.17645e-07 -0.952166
119 8 -8.81106e-08 -0.952166
119 9 -7.54904e-08 -0.952166
119 10 -6.33706e-08 -0.952166
119 11 -6.38513e-08 -0.952166
119 12 -6.38322e-08 -0.952166
119 13 -6.3833e-08 -0.952166
119 14 -6.38329e-08 -0.952166
120 0 2.65812 -2.01142
120 1 2.82934 -2.14189
120 2 2.82934 -2.14189
120 3 2.82934 -2.14189
120 4 2.95262 -2.15234
120 5 2.95571 -2.15256
120 6 2.95571 -2.15256
120 7 2.95571 -2.15256
120 8 2.95571 -2.15256
120 9 2.95571 -2.15256
120 10 -0.315562 -1.13047
120 11 -0.315562 -1.13047
120 12 -0.315562 -1.13047
120 13 -0.315562 -1.13047
120 14 -0.315562 -1.13047
121 0 0.930333 -1.92844
121 1 0.950675 -1.99095
121 2 0.96877 -1.96781
121 3 0.983398 -1.97426
121 4 0.985908 -1.97161
121 5 0.987626 -1.96987
121 6 0.987549 -1.96995
121 7 0.987549 -1.96995
121 8 0.987549 -1.96995
121 9 0.987549 -1.96995
121 10 0.987549 -1.96995
121 11 0.987549 -1.96995
121 12 0.987549 -1.96995
121 13 0.987549 -1.96995
121 14 0.987549 -1.96995
122 0 2.37548 2.32741
122 1 2.37548 2.32741
122 2 2.37548 2.32741
122 3 2.37548 2.32741
122 4 2.37548 2.32741
122 5 2.37548 2.32741
122 6 2.2181 2.70217
122 7 2.08433 2.65274
122 8 1.94214 2.58358
122 9 1.95861 2.59074
122 10 1.96218 2.59313
122 11 1.96524 2.59533
122 12 1.96524 2.59533
122 13 1.96905 2.63411
122 14 1.96905 2.63411
123 0 -0.127069 -3.85887
123 1 -0.124816 -3.95249
123 2 -0.110946 -3.98935
123 3 0.0209007 -4.03453
123 4 0.0032963 -3.97223
123 5 0.000328648 -3.97068
123 6 1.79013e-05 -3.96953
123 7 -1.33387e-05 -3.96947
123 8 1.71247e-06 -3.96947
123 9 4.88009e-08 -3.96947
123 10 6.56286e-08 -3.96947
123 11 1.63319e-09 -3.96947
123 12 1.63319e-09 -3.96947
123 13 1.63319e-09 -3.96947
123 14 1.63319e-09 -3.96947
124 0 4.92391 -4.96353
124 1 4.98437 -4.97037
124 2 4.98919 -4.98323
124 3 4.98992 -4.98457
124 4 4.98992 -4.98457
124 5 4.98992 -4.98457
124 6 4.98992 -4.98457
124 7 4.98992 -4.98457
124 8 4.98992 -4.98457
124 9 4.98992 -4.98457
124 10 4.98992 -4.98457
124 11 4.98992 -4.98457
124 12 4.98992 -4.98457
124 13 4.98992 -4.98457
124 14 4.98992 -4.98457
125 0 1.32301 -0.306339
125 1 0.129251 -0.516991
125 2 -0.151958 -0.998604
125 3 -0.135615 -0.303704
125 4 -0.129193 -0.0275976
125 5 -0.128298 0.0105966
125 6 -0.0715086 0.0755408
125 7 -0.06394 0.0553055
125 8 0.023001 -0.00856823
125 9 -0.000947485 0.00500171
125 10 -0.000778545 -0.00100543
125 11 -0.000562672 -0.00110741
125 12 -0.000440382 -0.00115525
125 13 -0.000440382 -0.00115525
125 14 -0.000440382 -0.00115525
126 0 0.0917454 -5.06371
126 1 0.0477651 -5.08286
126 2 0.0348164 -4.93777
126 3 0.0348164 -4.93777
126 4 0.0348164 -4.93777
126 5 0.0348164 -4.93777
126 6 0.0348164 -4.93777
126 7 0.00193929 -4.94455
126 8 -0.00256546 -4.95589
126 9 -0.00825648 -4.97087
126 10 -0.00414926 -4.97219
126 11 -0.000442166 -4.97415
126 12 2.99789e-05 -4.97383
126 13 9.18429e-05 -4.97373
126 14 0.000110639 -4.97369
127 0 -1.86929 -4.00529
127 1 -1.95192 -4.03256
127 2 -1.95484 -3.98204
127 3 -1.95484 -3.98204
127 4 -1.96529 -3.95653
127 5 -1.96358 -3.96562
127 6 -1.96358 -3.96562
127 7 -1.96358 -3.96562
127 8 -1.96358 -3.96562
127 9 -1.96358 -3.96562
127 10 -1.96358 -3.96562
127 11 -1.96358 -3.96562
127 12 -1.96358 -3.96562
127 13 -1.96358 -3.96562
127 14 -1.96358 -3.96562
128 0 3.537 -1.8199
128 1 2.37035 -2.31453
128 2 -0.159901 -2.36968
128 3 0.047288 -2.38897
128 4 0.047288 -2.38897
128 5 -0.123034 2.93666
128 6 -0.123034 2.93666
128 7 -0.123034 2.93666
128 8 -0.123034 2.93666
128 9 -0.123034 2.93666
128 10 -0.123034 2.93666
128 11 -0.123034 2.93666
128 12 -0.123034 2.93666
128 13 -0.123034 2.93666
128 14 -0.123034 2.93666
129 0 1.00271 0.967385
129 1 0.248944 0.225267
129 2 0.248944 0.225267
129 3 0.0236321 0.00689593
129 4 0.0236321 0.00689593
129 5 0.0236321 0.00689593
129 6 0.0236321 0.00689593
129 7 0.0236321 0.00689593
129 8 0.0236321 0.00689593
129 9 0.0236321 0.00689593
129 10 0.0236321 0.00689593
129 11 0.0236321 0.00689593
129 12 0.0236321 0.00689593
129 13 0.0236321 0.00689593
129 14 0.0236321 0.00689593
130 0 -3.03615 1.38289
130 1 -1.69229 -0.32568
130 2 -1.96577 -0.207571
130 3 0.107599 -0.226169
130 4 0.107599 -0.226169
130 5 0.107599 -0.226169
130 6 0.107599 -0.226169
130 7 0.107599 -0.226169
130 8 0.107599 -0.226169
130 9 0.107599 -0.226169
130 10 0.107599 -0.226169
130 11 0.107599 -0.226169
130 12 0.107599 -0.226169
130 13 0.107599 -0.226169
130 14 0.107599 -0.226169
131 0 -2.94612 -1.87211
131 1 -2.97467 -1.87694
131 2 -2.98047 -1.99157
131 3 -2.96976 -1.97946
131 4 -2.97275 -1.98234
131 5 -2.97284 -1.98244
131 6 -2.97284 -1.98243
131 7 -2.97284 -1.98243
131 8 -2.97284 -1.98243
131 9 -2.97282 -1.9824
131 10 -2.97286 -1.98227
131 11 -2.97321 -1.98217
131 12 -2.97314 -1.98216
131 13 -2.97314 -1.98214
131 14 -2.97314 -1.98214
132 0 4.01749 -2.42779
132 1 4.09739 -2.89038
132 2 0.827969 -0.43534
132 3 0.0334938 0.0449393
132 4 0.0334938 0.0449393
132 5 0.0334938 0.0449393
132 6 0.0334938 0.0449393
132 7 0.0334938 0.0449393
132 8 0.0334938 0.0449393
132 9 0.0334938 0.0449393
132 10 0.0334938 0.0449393
132 11 0.0334938 0.0449393
132 12 0.0334938 0.0449393
132 13 0.0334938 0.0449393
132 14 0.0334938 0.0449393
133 0 -0.906346 -0.00319743
133 1 -0.948505 0.0072723
133 2 -0.948654 -0.000145953
133 3 -0.952147 0.0012834
133 4 -0.952389 0.000292361
133 5 -0.952278 4.98046e-05
133 6 -0.952131 1.10236e-05
133 7 -0.952166 7.52718e-06
133 8 -0.952166 8.64985e-07
133 9 -0.952167 5.09592e-09
133 10 -0.952167 4.25172e-09
133 11 -0.952167 2.19903e-09
133 12 -0.952167 2.19903e-09
133 13 -0.952167 2.19903e-09
133 14 -0.952167 2.19903e-09
134 0 3.92394 -0.98034
134 1 3.92394 -0.98034
134 2 3.92322 -0.986061
134 3 3.92322 -0.986061
134 4 3.92322 -0.986061
134 5 3.92322 -0.986061
134 6 3.92322 -0.986061
134 7 3.92322 -0.986061
134 8 3.92322 -0.986061
134 9 3.92322 -0.986061
134 10 3.92322 -0.986061
134 11 3.92322 -0.986061
134 12 3.92322 -0.986061
134 13 3.92322 -0.986061
134 14 3.92322 -0.986061
135 0 4.91085 -3.46099
135 1 4.84476 -3.90145
135 2 4.84071 -3.95592
135 3 4.40747 -1.49029
135 4 4.45838 -1.98382
135 5 4.44627 -2.01946
135 6 3.94334 -0.798305
135 7 4.0083 -1.0296
135 8 3.96052 -1.01326
135 9 3.97156 -0.997437
135 10 3.97375 -0.994845
135 11 3.97355 -0.994937
135 12 3.97181 -0.994905
135 13 3.97093 -0.993724
135 14 3.97088 -0.993004
136 0 4.01101 5.00391
136 1 4.01165 4.99013
136 2 4.01165 4.99013
136 3 4.01165 4.99013
136 4 4.01165 4.99013
136 5 4.01165 4.99013
136 6 4.01165 4.99013
136 7 4.01165 4.99013
136 8 4.01165 4.99013
136 9 4.01165 4.99013
136 10 4.01165 4.99013
136 11 4.01165 4.99013
136 12 4.01165 4.99013
136 13 4.01165 4.99013
136 14 4.01165 4.99013
137 0 -2.81268 2.90259
137 1 -2.91095 2.86738
137 2 -2.91095 2.86738
137 3 -2.96687 2.8682
137 4 -2.92255 2.89108
137 5 -2.99572 2.98759
137 6 -2.99572 2.98759
137 7 -2.99572 2.98759
137 8 -2.99572 2.98759
137 9 -2.99572 2.98759
137 10 -2.99572 2.98759
137 11 -2.99572 2.98759
137 12 -2.99572 2.98759
137 13 -2.99572 2.98759
137 14 -2.99572 2.98759
138 0 4.9212 0.00103523
138 1 4.96259 0.0145809
138 2 4.97429 -0.00638202
138 3 4.97063 -0.00308997
138 4 4.97049 -0.00294421
138 5 4.97049 -0.00294421
138 6 4.97049 -0.00294421
138 7 4.97049 -0.00294421
138 8 4.97049 -0.00294421
138 9 4.97049 -0.00294421
138 10 4.97049 -0.00294421
138 11 4.97049 -0.00294421
138 12 4.97049 -0.00294421
138 13 4.97049 -0.00294421
138 14 4.97049 -0.00294421
139 0 -3.96994 2.81808
139 1 -3.97648 2.95922
139 2 -3.99013 2.96546
139 3 -3.97826 2.97067
139 4 -3.97929 2.98732
139 5 -3.97891 2.98419
139 6 -3.97892 2.98421
139 7 -3.97892 2.98421
139 8 -3.97892 2.98421
139 9 -3.97892 2.98421
139 10 -3.97892 2.98421
139 11 -3.97892 2.98421
139 12 -3.97892 2.98421
139 13 -3.97892 2.98421
139 14 -3.97892 2.98421
140 0 0.265963 0.305178
140 1 0.194869 -0.00882814
140 2 0.183898 -0.0511621
140 3 -0.00512653 0.0207661
140 4 -0.0137338 0.00790481
140 5 0.000480743 0.0100613
140 6 0.00709672 0.00138158
140 7 0.00223426 -0.00256579
140 8 0.00223426 -0.00256579
140 9 0.00223426 -0.00256579
140 10 0.00223426 -0.00256579
140 11 0.00223426 -0.00256579
140 12 0.00223426 -0.00256579
140 13 0.00223426 -0.00256579
140 14 0.00223426 -0.00256579
141 0 1.95559 3.99512
141 1 1.99228 3.99547
141 2 1.98796 3.15749
141 3 1.98796 3.15749
141 4 1.98796 3.15749
141 5 1.98796 3.15749
141 6 1.98796 3.15749
141 7 1.98796 3.15749
141 8 1.98796 3.15749
141 9 1.98796 3.15749
141 10 1.98796 3.15749
141 11 1.98796 3.15749
141 12 1.98796 3.15749
141 13 1.98796 3.15749
141 14 1.98796 3.15749
142 0 -4.75648 -1.76311
142 1 -4.89649 -1.74168
142 2 -4.96443 -1.75004
142 3 -5.04671 -1.79705
142 4 -5.08659 -1.92059
142 5 -5.03889 -2.05082
142 6 -4.9813 -2.03936
142 7 -4.97499 -1.9902
142 8 -4.97665 -1.99074
142 9 -4.97683 -1.99083
142 10 -4.97682 -1.9908
142 11 -4.97684 -1.99077
142 12 -4.97685 -1.99077
142 13 -4.97684 -1.99076
142 14 -4.97684 -1.99076
143 0 -1.16148 0.351207
143 1 -1.16148 0.351207
143 2 -0.315766 0.24262
143 3 0.105935 0.266956
143 4 0.060909 0.282258
143 5 0.060909 0.282258
143 6 0.060909 0.282258
143 7 0.132202 -0.144814
143 8 0.132202 -0.144814
143 9 0.132202 -0.144814
143 10 0.132202 -0.144814
143 11 0.132202 -0.144814
143 12 0.132202 -0.144814
143 13 0.132202 -0.144814
143 14 0.132202 -0.144814
144 0 -3.34486 -1.99067
144 1 -3.34486 -1.99067
144 2 -3.34486 -1.99067
144 3 -3.34486 -1.99067
144 4 -1.58304 -0.190165
144 5 -0.651934 0.71824
144 6 -0.603022 0.765828
144 7 -0.603022 0.765828
144 8 -0.603022 0.765828
144 9 -0.603022 0.765828
144 10 -0.603022 0.765828
144 11 -0.603022 0.765828
144 12 -0.603022 0.765828
144 13 -0.603022 0.765828
144 14 -0.603022 0.765828
145 0 3.01117 4.04641
145 1 2.99465 3.96074
145 2 2.99645 3.97407
145 3 2.99394 3.97745
145 4 2.98738 3.97758
145 5 2.98422 3.97901
145 6 2.98421 3.97893
145 7 2.98421 3.97893
145 8 2.98421 3.97892
145 9 2.98421 3.97892
145 10 2.98421 3.97892
145 11 2.98421 3.97892
145 12 2.98421 3.97892
145 13 2.98421 3.97892
145 14 2.98421 3.97892
146 0 -1.02444 0.777311
146 1 -1.02444 0.777311
146 2 -1.02444 0.777311
146 3 -1.02068 1.02492
146 4 -0.942692 1.0141
146 5 -0.942692 1.0141
146 6 -0.942692 1.0141
146 7 -0.942692 1.0141
146 8 -0.942692 1.0141
146 9 -0.942692 1.0141
146 10 -0.942692 1.0141
146 11 -0.942692 1.0141
146 12 -0.942692 1.0141
146 13 -0.942692 1.0141
146 14 -0.942692 1.0141
147 0 -4.97713 0.98472
147 1 -4.97713 0.98472
147 2 -4.97713 0.98472
147 3 -4.97713 0.98472
147 4 -4.97713 0.98472
147 5 -4.97713 0.98472
147 6 -4.97713 0.98472
147 7 -4.97713 0.98472
147 8 -4.97713 0.98472
147 9 -4.97713 0.98472
147 10 -4.97713 0.98472
147 11 -4.97713 0.98472
147 12 -4.97713 0.98472
147 13 -4.97713 0.98472
147 14 -4.97713 0.98472
148 0 2.98985 -4.00348
148 1 2.98601 -4.00383
148 2 2.98207 -3.97867
148 3 2.98377 -3.97843
148 4 2.98418 -3.97883
148 5 2.98421 -3.97892
148 6 2.98421 -3.97892
148 7 2.98421 -3.97892
148 8 2.98421 -3.97892
148 9 2.98421 -3.97892
148 10 2.98421 -3.97892
148 11 2.98421 -3.97892
148 12 2.98421 -3.97892
148 13 2.98421 -3.97892
148 14 2.98421 -3.97892
149 0 0.128506 -0.488829
149 1 0.128506 -0.488829
149 2 0.0188523 -0.487856
149 3 0.0188523 -0.487856
149 4 0.0647502 -0.952413
149 5 0.0634755 -0.961868
149 6 0.00464229 -0.918042
149 7 0.00464229 -0.918042
149 8 0.00464229 -0.918042
149 9 0.00464229 -0.918042
149 10 0.00464229 -0.918042
149 11 0.00464229 -0.918042
149 12 0.00464229 -0.918042
149 13 0.00464229 -0.918042
149 14 0.00464229 -0.918042
150 0 -4.02242 -2.26893
150 1 -4.02242 -2.26893
150 2 -4.02242 -2.26893
150 3 -4.09368 -1.88143
150 4 -4.09368 -1.88143
150 5 -4.09368 -1.88143
150 6 -4.09368 -1.88143
150 7 -4.09368 -1.88143
150 8 -4.02926 -2.04256
150 9 -4.04463 -2.00702
150 10 -4.04463 -2.00702
150 11 -4.04463 -2.00702
150 12 -4.04463 -2.00702
150 13 -4.02624 -1.96428
150 14 -3.98337 -1.98973
151 0 -2.2127 -1.45835
151 1 -2.2127 -1.45835
151 2 -2.2127 -1.45835
151 3 -1.95688 0.0904445
151 4 -1.97412 -0.0317637
151 5 -0.836509 0.152785
151 6 -1.0275 0.0447656
151 7 -0.955822 0.0539431
151 8 -0.957057 0.014065
151 9 -0.952453 -0.000725725
151 10 -0.952208 -2.45812e-05
151 11 -0.952171 2.70604e-06
151 12 -0.95217 3.50557e-06
151 13 -0.952169 3.29954e-06
151 14 -0.952167 1.48828e-06
152 0 -0.910743 1.77814
152 1 -0.9832 1.99309
152 2 -0.995306 1.98622
152 3 -0.998779 1.98329
152 4 -0.996835 1.98381
152 5 -0.984088 1.97698
152 6 -0.983051 1.96945
152 7 -0.981947 1.96474
152 8 -0.982428 1.96461
152 9 -0.982416 1.96462
152 10 -0.982417 1.96462
152 11 -0.982418 1.96462
152 12 -0.982417 1.96462
152 13 -0.982416 1.96462
152 14 -0.982416 1.96462
153 0 -1.98189 3.66715
153 1 -1.97324 3.90572
153 2 -2.05137 2.29515
153 3 -2.05137 2.29515
153 4 -2.05137 2.29515
153 5 -2.13204 2.06553
153 6 -2.13055 1.95017
153 7 -1.9732 1.96506
153 8 -1.97403 1.97593
153 9 -1.97454 1.97443
153 10 -1.97446 1.97446
153 11 -1.97446 1.97446
153 12 -1.97445 1.97445
153 13 -1.97445 1.97445
153 14 -1.97445 1.97445
154 0 -4.91208 4.82142
154 1 -5.03733 4.91869
154 2 -5.03733 4.91869
154 3 -5.05359 4.94405
154 4 -5.05359 4.94405
154 5 -5.05359 4.94405
154 6 -5.05359 4.94405
154 7 -5.05359 4.94405
154 8 -5.05359 4.94405
154 9 -5.05359 4.94405
154 10 -5.05359 4.94405
154 11 -5.05359 4.94405
154 12 -5.05359 4.94405
154 13 -5.05359 4.94405
154 14 -5.05359 4.94405
155 0 -2.95745 1.25473
155 1 -3.12297 1.11487
155 2 -3.06414 1.12373
155 3 -2.8713 1.00417
155 4 -2.9437 0.980481
155 5 -2.97029 0.978186
155 6 -2.96739 0.991628
155 7 -2.96789 0.989282
155 8 -2.96745 0.989202
155 9 -2.96727 0.989133
155 10 -2.96726 0.989149
155 11 -2.96726 0.989152
155 12 -2.96726 0.989153
155 13 -2.96726 0.989154
155 14 -2.96726 0.989154
156 0 -4.99912 -4.99144
156 1 -4.99806 -4.98353
156 2 -4.99484 -4.99125
156 3 -4.99197 -4.99307
156 4 -4.9896 -4.99409
156 5 -4.9896 -4.99409
156 6 -4.9896 -4.99409
156 7 -4.9896 -4.99409
156 8 -4.9896 -4.99409
156 9 -4.9896 -4.99409
156 10 -4.9896 -4.99409
156 11 -4.9896 -4.99409
156 12 -4.9896 -4.99409
156 13 -4.9896 -4.99409
156 14 -4.9896 -4.99409
157 0 -1.90378 0.0357972
157 1 -1.90093 0.0119154
157 2 -1.90093 0.0119154
157 3 -1.90046 0.00975124
157 4 -1.90046 0.00975124
157 5 -1.90046 0.00975124
157 6 -1.90046 0.00975124
157 7 -1.93357 0.038012
157 8 -1.93357 0.038012
157 9 -1.9446 0.0249657
157 10 -1.96572 0.00182693
157 11 -1.96348 0.00396085
157 12 -1.96327 0.00416949
157 13 -1.96329 0.0041468
157 14 -1.96351 0.00386493
158 0 -1.91304 -1.00319
158 1 -1.93225 -0.959954
158 2 -1.94618 -0.990135
158 3 -1.95971 -0.978767
158 4 -1.9629 -0.977239
158 5 -1.9629 -0.977239
158 6 -1.9629 -0.977239
158 7 -1.9629 -0.977239
158 8 -1.9629 -0.977239
158 9 -1.9629 -0.977239
158 10 -1.9629 -0.977239
158 11 -1.9629 -0.977239
158 12 -1.9629 -0.977239
158 13 -1.9629 -0.977239
158 14 -1.9629 -0.977239
159 0 -3.74507 0.966372
159 1 -3.85766 0.882182
159 2 -2.86616 0.777735
159 3 -0.530861 1.09019
159 4 -0.800351 1.16306
159 5 -0.800351 1.16306
159 6 -0.800351 1.16306
159 7 -0.929349 1.18788
159 8 -0.929349 1.18788
159 9 -0.929349 1.18788
159 10 -0.929349 1.18788
159 11 -0.929349 1.18788
159 12 -0.926823 1.00759
159 13 -0.926188 0.970399
159 14 -0.926188 0.970399
160 0 0.433002 -0.101893
160 1 0.35159 0.0887459
160 2 0.0402121 -0.119314
160 3 0.0402121 -0.119314
160 4 -0.0602267 -0.0253876
160 5 -0.0599158 -0.00596577
160 6 -0.0599158 -0.00596577
160 7 -0.0169658 -0.0078866
160 8 0.00106162 -0.00507304
160 9 0.00230708 -0.00193374
160 10 0.00123255 0.00128546
160 11 -2.76941e-05 0.00118467
160 12 -0.000341299 2.05828e-05
160 13 -7.6515e-05 -0.000202171
160 14 7.11939e-05 -0.000171462
161 0 0.300515 -1.64022
161 1 -0.0910193 -1.69563
161 2 -0.11284 -1.95957
161 3 -0.106271 -1.98109
161 4 -0.0299444 -2.00245
161 5 0.00156049 -1.9968
161 6 -0.000182661 -1.97125
161 7 -0.000736183 -1.95953
161 8 -3.32872e-05 -1.95893
161 9 -8.41933e-06 -1.95891
161 10 -9.44354e-06 -1.95891
161 11 -9.45901e-06 -1.95891
161 12 -9.48011e-06 -1.95891
161 13 -2.27703e-06 -1.95892
161 14 -7.64579e-08 -1.95892
162 0 3.96926 3.96657
162 1 3.97741 3.96468
162 2 3.98007 3.9644
162 3 3.98252 3.96438
162 4 3.9832 3.9645
162 5 3.98376 3.96746
162 6 3.9863 3.98287
162 7 3.98359 3.98303
162 8 3.98307 3.9831
162 9 3.98307 3.98307
162 10 3.98307 3.98307
162 11 3.98307 3.98307
162 12 3.98307 3.98307
162 13 3.98307 3.98307
162 14 3.98307 3.98307
163 0 5.09745 1.83548
163 1 1.47046 0.830047
163 2 1.83474 0.970971
163 3 1.83474 0.970971
163 4 1.85416 1.01006
163 5 1.85416 1.01006
163 6 1.95089 1.00721
163 7 1.96322 0.990886
163 8 1.96479 0.982227
163 9 1.96462 0.982314
163 10 1.96462 0.982414
163 11 1.96462 0.982416
163 12 1.96462 0.982416
163 13 1.96462 0.982416
163 14 1.96462 0.982416
164 0 3.61986 1.29725
164 1 2.81492 -0.910103
164 2 2.81492 -0.910103
164 3 3.08566 -0.00308269
164 4 3.08566 -0.00308269
164 5 3.08566 -0.00308269
164 6 3.08566 -0.00308269
164 7 3.08566 -0.00308269
164 8 3.08566 -0.00308269
164 9 3.08566 -0.00308269
164 10 3.08566 -0.00308269
164 11 3.08566 -0.00308269
164 12 3.08566 -0.00308269
164 13 3.08566 -0.00308269
164 14 3.08566 -0.00308269
165 0 1.92565 0.967725
165 1 1.939 0.99864
165 2 1.95835 0.973635
165 3 1.95934 0.973094
165 4 1.95934 0.973094
165 5 1.96559 0.97313
165 6 1.96474 0.976522
165 7 1.96359 0.98213
165 8 1.9648 0.982387
165 9 1.96463 0.982374
165 10 1.96462 0.982412
165 11 1.96462 0.982416
165 12 1.96462 0.982416
165 13 1.96462 0.982416
165 14 1.96462 0.982416
166 0 0.981125 -1.35936
166 1 0.52338 0.0940673
166 2 0.13471 0.298771
166 3 0.13471 0.298771
166 4 0.0326614 0.311038
166 5 0.0326614 0.311038
166 6 0.0326614 0.311038
166 7 0.0326614 0.311038
166 8 0.0326614 0.311038
166 9 0.0326614 0.311038
166 10 0.0326614 0.311038
166 11 0.0326614 0.311038
166 12 0.0326614 0.311038
166 13 0.0326614 0.311038
166 14 0.0326614 0.311038
167 0 -0.231903 -0.0210377
167 1 0.0727728 -0.0157967
167 2 0.00752487 -0.0328072
167 3 0.00752487 -0.0328072
167 4 0.0142352 -0.00551229
167 5 0.0105379 0.00282598
167 6 0.000890467 0.00338248
167 7 -0.00132484 0.000856948
167 8 -0.00122976 0.000979758
167 9 -0.00108626 0.000880739
167 10 -0.000291653 0.00122514
167 11 -0.000291653 0.00122514
167 12 0.000229497 0.000114518
167 13 0.000236331 3.43611e-05
167 14 0.000236331 3.43611e-05
168 0 0.105155 -0.12142
168 1 0.0762466 -0.137665
168 2 0.0762466 -0.137665
168 3 0.0330448 -0.143823
168 4 0.0330448 -0.143823
168 5 0.00353524 0.0595167
168 6 0.00456526 -0.0260181
168 7 -0.00393003 -0.00843443
168 8 0.000134327 0.00486069
168 9 -0.0016214 0.00206106
168 10 -0.0016214 0.00206106
168 11 -0.0016214 0.00206106
168 12 -0.0016214 0.00206106
168 13 -0.0016214 0.00206106
168 14 -0.0016214 0.00206106
169 0 -1.98944 -0.754317
169 1 -0.504471 -0.653238
169 2 -0.504471 -0.653238
169 3 -0.0539321 -0.654551
169 4 -0.0539321 -0.654551
169 5 -0.0539321 -0.654551
169 6 -0.0539321 -0.654551
169 7 -0.0539321 -0.654551
169 8 0.00158081 -0.65455
169 9 -0.000106439 -0.654549
169 10 -0.000106439 -0.654549
169 11 -0.000106439 -0.654549
169 12 -0.000106439 -0.654549
169 13 -0.0137127 -0.660522
169 14 -0.0837899 -0.764344
170 0 2.99108 0.019762
170 1 2.99271 0.00133161
170 2 2.99271 0.00133161
170 3 2.99271 0.00133161
170 4 2.96093 -0.0108975
170 5 2.9622 4.21217e-05
170 6 2.96342 -1.84116e-05
170 7 2.96462 -5.70926e-05
170 8 2.96462 -9.67779e-07
170 9 2.96462 -1.19905e-09
170 10 2.96462 4.00559e-09
170 11 2.96462 4.00559e-09
170 12 2.96462 4.00559e-09
170 13 2.96462 4.00559e-09
170 14 2.96462 4.00559e-09
171 0 2.03223 4.52407
171 1 1.95896 3.61534
171 2 2.00269 3.95861
171 3 2.00269 3.95861
171 4 1.99048 3.95693
171 5 1.98625 3.97293
171 6 1.98708 3.97461
171 7 1.98716 3.97461
171 8 1.98731 3.97455
171 9 1.98731 3.97454
171 10 1.98731 3.97454
171 11 1.98731 3.97454
171 12 1.98731 3.97454
171 13 1.98731 3.97454
171 14 1.98731 3.97454
172 0 -3.82856 -1.2766
172 1 -3.82856 -1.2766
172 2 -3.90996 -1.28547
172 3 -0.183299 -1.73584
172 4 -0.183299 -1.73584
172 5 -0.183299 -1.73584
172 6 -0.183299 -1.73584
172 7 -0.183299 -1.73584
172 8 -0.183299 -1.73584
172 9 -0.0146869 -1.73595
172 10 -0.0146869 -1.73595
172 11 -0.0146869 -1.73595
172 12 -0.0146869 -1.73595
172 13 1.0073 -1.02286
172 14 1.0073 -1.02286
173 0 -1.15716 3.34033
173 1 -0.818339 3.92443
173 2 -2.07684 1.52612
173 3 -2.23587 -0.28545
173 4 -2.23587 -0.28545
173 5 -2.23587 -0.28545
173 6 -2.23587 -0.28545
173 7 -2.23587 -0.28545
173 8 -2.23587 -0.28545
173 9 -2.23587 -0.28545
173 10 -2.23587 -0.28545
173 11 -2.23587 -0.28545
173 12 -2.23587 -0.28545
173 13 -2.23587 -0.28545
173 14 -2.23587 -0.28545
174 0 -0.527234 -0.0109332
174 1 0.0646324 0.234095
174 2 0.0461994 -0.0537059
174 3 0.0461994 -0.0537059
174 4 0.00917504 0.0247252
174 5 0.00598269 -0.00470792
174 6 0.00104994 -0.00495145
174 7 -0.000306306 -0.00135244
174 8 -0.000474086 0.000244497
174 9 -0.000474086 0.000244497
174 10 -0.000511895 0.000114598
174 11 -0.000511895 0.000114598
174 12 -0.000511895 0.000114598
174 13 -6.0243e-05 0.00013769
174 14 -9.33868e-05 1.11471e-05
175 0 -1.16458 0.651115
175 1 -0.766127 0.834493
175 2 -0.800124 0.974105
175 3 -0.84085 1.02484
175 4 -0.938697 1.0279
175 5 -0.967317 0.99015
175 6 -0.979758 0.976778
175 7 -0.978529 0.977915
175 8 -0.977823 0.978525
175 9 -0.97739 0.978672
175 10 -0.970638 0.976549
175 11 -0.969113 0.972615
175 12 -0.967877 0.968831
175 13 -0.968544 0.968534
175 14 -0.968508 0.968525
176 0 3.95381 4.52989
176 1 3.95716 4.21786
176 2 3.95716 4.21786
176 3 3.95716 4.21786
176 4 3.96241 3.90258
176 5 3.96241 3.90258
176 6 3.96241 3.90258
176 7 4.02937 3.98457
176 8 4.0096 4.00724
176 9 4.0067 4.00984
176 10 4.0067 4.00984
176 11 4.0067 4.00984
176 12 4.0067 4.00984
176 13 4.0067 4.00984
176 14 4.0067 4.00984
177 0 1.9576 -3.97569
177 1 1.95757 -3.97474
177 2 1.97472 -3.97423
177 3 1.98779 -3.97396
177 4 1.98731 -3.97456
177 5 1.98732 -3.97455
177 6 1.98732 -3.97455
177 7 1.98732 -3.97455
177 8 1.98732 -3.97455
177 9 1.98731 -3.97455
177 10 1.98731 -3.97454
177 11 1.98731 -3.97454
177 12 1.98731 -3.97454
177 13 1.98731 -3.97454
177 14 1.98731 -3.97454
178 0 -3.93766 1.57004
178 1 -3.93766 1.57004
178 2 -3.93766 1.57004
178 3 -3.93766 1.57004
178 4 -3.89201 2.17962
178 5 -3.89201 2.17962
178 6 -3.88819 1.98962
178 7 -3.88819 1.98962
178 8 -3.88819 1.98962
178 9 -3.88819 1.98962
178 10 -3.86733 0.175423
178 11 -3.88917 -0.0246273
178 12 -3.91542 -0.0546138
178 13 -3.9748 -0.00906197
178 14 -1.26708 -2.3836
179 0 4.81012 -0.077145
179 1 4.84508 -0.110914
179 2 4.95526 -0.135646
179 3 4.95526 -0.135646
179 4 4.95526 -0.135646
179 5 4.95526 -0.135646
179 6 4.94619 -0.00405798
179 7 4.97688 0.00365788
179 8 4.97337 -0.00163653
179 9 4.97431 -0.000528557
179 10 4.97427 -0.00054521
179 11 4.97381 -0.000523659
179 12 4.97362 -0.000229076
179 13 4.9736 -4.73596e-05
179 14 4.97361 -1.25242e-06
180 0 0.20787 -0.106706
180 1 0.20787 -0.106706
180 2 0.20787 -0.106706
180 3 0.0546351 -0.138571
180 4 -0.0400473 0.033018
180 5 -0.020878 0.0438135
180 6 -0.0237953 0.0187968
180 7 -0.0094472 -0.0069948
180 8 0.00234695 -0.00556403
180 9 0.00172661 0.00159217
180 10 -0.000458755 0.00154135
180 11 -0.000363511 -0.000542487
180 12 0.000344063 -0.000261644
180 13 6.27251e-05 5.74577e-05
180 14 8.47788e-06 5.29981e-05
181 0 1.52802 3.16864
181 1 1.52802 3.16864
181 2 1.52802 3.16864
181 3 1.8442 2.77642
181 4 2.08871 2.87948
181 5 2.09855 2.9945
181 6 1.98649 3.02094
181 7 1.97472 2.96292
181 8 1.984 2.97262
181 9 1.98333 2.97195
181 10 1.98331 2.97193
181 11 1.9833 2.97193
181 12 1.98321 2.97188
181 13 1.98275 2.97194
181 14 1.98222 2.97254
182 0 3.96897 2.92884
182 1 3.99548 2.93916
182 2 3.98759 2.99412
182 3 3.99 2.9902
182 4 3.99 2.9902
182 5 3.99 2.9902
182 6 3.99 2.9902
182 7 3.99 2.9902
182 8 3.99 2.9902
182 9 3.99 2.9902
182 10 3.99 2.9902
182 11 3.99 2.9902
182 12 3.99 2.9902
182 13 3.99 2.9902
182 14 3.99 2.9902
183 0 -1.85298 2.05888
183 1 -1.85298 2.05888
183 2 -1.89592 2.08484
183 3 -1.91383 2.09252
183 4 -1.91383 2.09252
183 5 -1.91383 2.09252
183 6 -1.91383 2.09252
183 7 -1.91383 2.09252
183 8 -1.91383 2.09252
183 9 -1.91383 2.09252
183 10 -1.91383 2.09252
183 11 -1.91383 2.09252
183 12 -1.91383 2.09252
183 13 -1.91383 2.09252
183 14 -1.91383 2.09252
184 0 0.67016 2.10878
184 1 0.58257 0.558166
184 2 0.12092 -0.56102
184 3 -0.11357 -0.802937
184 4 0.213243 0.0252815
184 5 0.194774 -0.0418898
184 6 0.0181077 -0.0414011
184 7 -0.0129228 -0.0178499
184 8 -0.0143761 0.00476298
184 9 -0.0143761 0.00476298
184 10 -0.0146585 0.000844747
184 11 -0.0146585 0.000844747
184 12 -0.0146585 0.000844747
184 13 -0.0146585 0.000844747
184 14 -0.0146585 0.000844747
185 0 4.0011 -1.99919
185 1 3.97339 -2.0005
185 2 3.9733 -1.99116
185 3 3.97383 -1.98713
185 4 3.97408 -1.9873
185 5 3.97445 -1.98736
185 6 3.97454 -1.98732
185 7 3.97454 -1.98731
185 8 3.97454 -1.98731
185 9 3.97454 -1.98731
185 10 3.97454 -1.98731
185 11 3.97454 -1.98731
185 12 3.97454 -1.98731
185 13 3.97454 -1.98731
185 14 3.97454 -1.98731
186 0 -0.963833 3.06843
186 1 -0.963833 3.06843
186 2 -0.963833 3.06843
186 3 -0.963833 3.06843
186 4 -1.04519 3.00054
186 5 -1.0283 3.01526
186 6 -1.02898 3.01351
186 7 -1.02399 2.98064
186 8 -0.982578 2.96837
186 9 -0.988795 2.96844
186 10 -0.989154 2.96735
186 11 -0.989183 2.96727
186 12 -0.989171 2.96727
186 13 -0.989156 2.96726
186 14 -0.989154 2.96726
187 0 -2.90099 2.71548
187 1 -2.89039 2.99574
187 2 -2.89039 2.99574
187 3 -2.97128 2.97097
187 4 -2.97881 2.97472
187 5 -2.97872 2.97898
187 6 -2.97923 2.97922
187 7 -2.97922 2.97922
187 8 -2.97922 2.97922
187 9 -2.97922 2.97922
187 10 -2.97922 2.97922
187 11 -2.97922 2.97922
187 12 -2.97922 2.97922
187 13 -2.97922 2.97922
187 14 -2.97922 2.97922
188 0 2.98128 -1.94258
188 1 2.98068 -1.94245
188 2 2.98068 -1.94245
188 3 2.96726 -1.94724
188 4 2.96216 -1.95764
188 5 2.95621 -1.97403
188 6 2.96321 -1.97892
188 7 2.97203 -1.98292
188 8 2.97325 -1.98247
188 9 2.97321 -1.98227
188 10 2.97311 -1.98215
188 11 2.97314 -1.98214
188 12 2.97314 -1.98214
188 13 2.97314 -1.98214
188 14 2.97314 -1.98214
189 0 2.11624 3.99741
189 1 2.07378 4.04515
189 2 2.06716 4.05181
189 3 2.06052 4.0576
189 4 2.06052 4.0576
189 5 2.02578 4.0735
189 6 2.02578 4.0735
189 7 2.02578 4.0735
189 8 2.02578 4.0735
189 9 2.02026 4.07543
189 10 2.02026 4.07543
189 11 2.02026 4.07543
189 12 2.0164 4.07654
189 13 2.0164 4.07654
189 14 2.0164 4.07654
190 0 -4.95818 -2.02047
190 1 -4.99535 -1.9977
190 2 -4.98091 -1.99757
190 3 -4.97698 -1.99111
190 4 -4.97675 -1.99083
190 5 -4.97676 -1.99083
190 6 -4.97683 -1.99082
190 7 -4.97684 -1.99079
190 8 -4.97685 -1.99077
190 9 -4.97684 -1.99077
190 10 -4.97684 -1.99077
190 11 -4.97684 -1.99077
190 12 -4.97684 -1.99077
190 13 -4.97684 -1.99077
190 14 -4.97684 -1.99077
191 0 -2.05754 -1.15505
191 1 -2.05754 -1.15505
191 2 -2.05754 -1.15505
191 3 -2.05754 -1.15505
191 4 -2.05754 -1.15505
191 5 -2.05754 -1.15505
191 6 -2.05754 -1.15505
191 7 -2.05754 -1.15505
191 8 -2.05754 -1.15505
191 9 -2.05754 -1.15505
191 10 -2.05754 -1.15505
191 11 -2.05754 -1.15505
191 12 -2.05754 -1.15505
191 13 -2.05754 -1.15505
191 14 -2.05754 -1.15505
192 0 -3.0106 0.0335696
192 1 -3.0106 0.0335696
192 2 -3.00869 -0.00320728
192 3 -2.95785 0.0187904
192 4 -2.9673 0.00175377
192 5 -2.96684 0.00110965
192 6 -2.96461 0.000242194
192 7 -2.96465 4.22266e-05
192 8 -2.96463 4.80391e-06
192 9 -2.96462 1.52746e-06
192 10 -2.96462 6.47652e-07
192 11 -2.96462 1.60843e-07
192 12 -2.96462 5.78994e-08
192 13 -2.96462 5.78994e-08
192 14 -2.96462 5.78994e-08
193 0 -1.41701 0.55668
193 1 -0.627852 1.16325
193 2 -0.799951 0.752052
193 3 -0.882256 0.790799
193 4 -0.882256 0.790799
193 5 -0.882256 0.790799
193 6 -0.882256 0.790799
193 7 -0.882256 0.790799
193 8 -0.882256 0.790799
193 9 -0.882256 0.790799
193 10 -0.882256 0.790799
193 11 -0.882256 0.790799
193 12 -0.882256 0.790799
193 13 -0.882256 0.790799
193 14 -0.882256 0.790799
194 0 -0.977021 -1.97406
194 1 -0.981638 -1.97484
194 2 -0.983538 -1.96115
194 3 -0.983724 -1.96224
194 4 -0.984359 -1.96356
194 5 -0.984359 -1.96356
194 6 -0.984359 -1.96356
194 7 -0.984359 -1.96356
194 8 -0.984359 -1.96356
194 9 -0.984359 -1.96356
194 10 -0.984359 -1.96356
194 11 -0.984359 -1.96356
194 12 -0.984359 -1.96356
194 13 -0.984359 -1.96356
194 14 -0.984359 -1.96356
195 0 -3.66774 0.371011
195 1 -3.66774 0.371011
195 2 -0.44978 -0.902998
195 3 -0.443644 -0.920321
195 4 -0.0495209 -0.754983
195 5 -0.0495209 -0.754983
195 6 -0.0495209 -0.754983
195 7 -0.00650812 -0.749581
195 8 -0.00650812 -0.749581
195 9 -0.00650812 -0.749581
195 10 -0.00650812 -0.749581
195 11 0.0229129 -0.935074
195 12 0.00799622 -0.958582
195 13 0.00119672 -0.949039
195 14 0.00119672 -0.949039
196 0 -1.09038 -1.10404
196 1 -0.914861 -0.950843
196 2 -0.947955 -0.988979
196 3 -0.946162 -0.986073
196 4 -0.947965 -0.979946
196 5 -0.974711 -0.970139
196 6 -0.968707 -0.969893
196 7 -0.968483 -0.968624
196 8 -0.968456 -0.968481
196 9 -0.968473 -0.968478
196 10 -0.968477 -0.968477
196 11 -0.968478 -0.968478
196 12 -0.968478 -0.968478
196 13 -0.968478 -0.968478
196 14 -0.968478 -0.968478
197 0 -4.37401 0.484802
197 1 -4.37401 0.484802
197 2 -4.37401 0.484802
197 3 -4.37401 0.484802
197 4 -4.37401 0.484802
197 5 -4.37401 0.484802
197 6 -4.37401 0.484802
197 7 -4.37401 0.484802
197 8 -4.37401 0.484802
197 9 -4.37401 0.484802
197 10 -4.37401 0.484802
197 11 -4.37401 0.484802
197 12 -4.37401 0.484802
197 13 -4.37401 0.484802
197 14 -4.37401 0.484802
198 0 0.308145 0.707343
198 1 -0.101094 0.748482
198 2 -0.0886924 0.905153
198 3 -0.0873981 0.941381
198 4 -0.0640281 0.994499
198 5 -0.00680851 0.931866
198 6 0.00577769 0.935434
198 7 0.00102289 0.943672
198 8 -0.00114701 0.951223
198 9 -9.32482e-05 0.952237
198 10 -7.41792e-05 0.952255
198 11 -7.44188e-05 0.952255
198 12 -7.70743e-05 0.952213
198 13 -2.34067e-06 0.952167
198 14 -1.6727e-07 0.952166
199 0 0.908434 -0.00782295
199 1 0.947115 -0.00403503
199 2 0.948853 0.000326665
199 3 0.950169 9.10127e-05
199 4 0.952111 -0.000266793
199 5 0.95219 -9.04348e-05
199 6 0.952216 -2.20411e-05
199 7 0.952196 -9.52544e-06
199 8 0.952172 2.3295e-06
199 9 0.952166 1.68446e-06
199 10 0.952167 3.71657e-07
199 11 0.952167 2.07064e-08
199 12 0.952167 6.77459e-10
199 13 0.952167 6.77459e-10
199 14 0.952167 6.77459e-10
200 0 -2.97804 1.99387
200 1 -2.97799 1.98335
200 2 -2.97397 1.98331
200 3 -2.97315 1.98216
200 4 -2.97314 1.98214
200 5 -2.97314 1.98214
200 6 -2.97314 1.98214
200 7 -2.97314 1.98214
200 8 -2.97314 1.98214
200 9 -2.97314 1.98214
200 10 -2.97314 1.98214
200 11 -2.97314 1.98214
200 12 -2.97314 1.98214
200 13 -2.97314 1.98214
200 14 -2.97314 1.98214
201 0 -1.53607 -3.23385
201 1 -1.53607 -3.23385
201 2 -1.53607 -3.23385
201 3 -1.53607 -3.23385
201 4 -1.53607 -3.23385
201 5 -1.53607 -3.23385
201 6 3.29011 -2.06069
201 7 2.5237 -1.17956
201 8 2.5237 -1.17956
201 9 2.5237 -1.17956
201 10 2.70157 -0.0533446
201 11 2.70157 -0.0533446
201 12 2.70157 -0.0533446
201 13 2.70157 -0.0533446
201 14 2.70157 -0.0533446
202 0 2.97796 -3.98479
202 1 2.97902 -3.97613
202 2 2.98191 -3.97981
202 3 2.98309 -3.98062
202 4 2.98309 -3.98062
202 5 2.98309 -3.98062
202 6 2.98309 -3.98062
202 7 2.98309 -3.98062
202 8 2.98309 -3.98062
202 9 2.98309 -3.98062
202 10 2.98309 -3.98062
202 11 2.98309 -3.98062
202 12 2.98309 -3.98062
202 13 2.98309 -3.98062
202 14 2.98309 -3.98062
203 0 -2.09688 1.03347
203 1 -2.09688 1.03347
203 2 -2.09677 0.969833
203 3 -2.09677 0.969833
203 4 -2.09677 0.969833
203 5 -2.07992 0.924445
203 6 0.0911025 -0.142565
203 7 0.0911025 -0.142565
203 8 0.0911025 -0.142565
203 9 0.0911025 -0.142565
203 10 0.104763 -0.132197
203 11 -0.0212872 0.0721947
203 12 0.0206591 0.0561475
203 13 0.0318766 0.00247189
203 14 0.0318766 0.00247189
204 0 1.86702 0.130776
204 1 1.86702 0.130776
204 2 1.85701 0.00228178
204 3 1.85701 0.00228178
204 4 1.85701 0.00228178
204 5 1.85701 0.00228178
204 6 1.85701 0.00228178
204 7 1.85701 0.00228178
204 8 1.85701 0.00228178
204 9 1.85701 0.00228178
204 10 1.85701 0.00228178
204 11 1.8905 0.0345006
204 12 1.8905 0.0345006
204 13 1.95599 -0.0381885
204 14 1.94162 -0.0256238
205 0 -5.16668 -2.0537
205 1 -4.96385 -1.97258
205 2 -4.97387 -1.99038
205 3 -4.97543 -1.99146
205 4 -4.97607 -1.99186
205 5 -4.97622 -1.99174
205 6 -4.97661 -1.99104
205 7 -4.97691 -1.99078
205 8 -4.97684 -1.99078
205 9 -4.97684 -1.99077
205 10 -4.97684 -1.99077
205 11 -4.97684 -1.99076
205 12 -4.97684 -1.99076
205 13 -4.97684 -1.99076
205 14 -4.97684 -1.99076
206 0 0.848324 -0.928773
206 1 0.921779 -0.881866
206 2 0.924059 -0.883887
206 3 0.98803 -0.944543
206 4 0.970312 -0.941493
206 5 0.969297 -0.952672
206 6 0.96643 -0.96928
206 7 0.968124 -0.968462
206 8 0.968388 -0.968301
206 9 0.968387 -0.968345
206 10 0.968467 -0.968478
206 11 0.968479 -0.968477
206 12 0.968478 -0.968478
206 13 0.968478 -0.968478
206 14 0.968478 -0.968478
207 0 -2.16648 2.00551
207 1 -2.16648 2.00551
207 2 -1.94424 2.04239
207 3 -1.9772 1.94826
207 4 -1.96567 1.97038
207 5 -1.9683 1.97091
207 6 -1.97401 1.97422
207 7 -1.97441 1.97449
207 8 -1.97445 1.97448
207 9 -1.97445 1.97447
207 10 -1.97445 1.97445
207 11 -1.97445 1.97445
207 12 -1.97445 1.97445
207 13 -1.97445 1.97445
207 14 -1.97445 1.97445
208 0 2.12818 -0.423452
208 1 0.229481 -0.869358
208 2 0.031052 -0.841904
208 3 0.030076 -0.841481
208 4 0.030076 -0.841481
208 5 0.030076 -0.841481
208 6 0.0176738 -0.838673
208 7 0.0176738 -0.838673
208 8 0.0176738 -0.838673
208 9 0.0176738 -0.838673
208 10 0.0249953 -0.961746
208 11 0.0249953 -0.961746
208 12 0.0249953 -0.961746
208 13 0.0249953 -0.961746
208 14 0.0249953 -0.961746
209 0 0.327543 0.183548
209 1 0.302128 -0.112642
209 2 0.302128 -0.112642
209 3 0.30518 -0.016932
209 4 0.30518 -0.016932
209 5 0.30518 -0.016932
209 6 0.30518 -0.016932
209 7 0.30518 -0.016932
209 8 0.30518 -0.016932
209 9 0.30518 -0.016932
209 10 0.30518 -0.016932
209 11 0.30518 -0.016932
209 12 0.30518 -0.016932
209 13 0.30518 -0.016932
209 14 0.30518 -0.016932
210 0 1.11294 0.0958798
210 1 1.11781 -0.00164798
210 2 1.11781 -0.00164798
210 3 1.11781 -0.00164798
210 4 1.11781 -0.00164798
210 5 1.11781 -0.00164798
210 6 1.0482 0.0143009
210 7 0.949822 0.00601156
210 8 0.950569 0.00110397
210 9 0.952517 0.00015122
210 10 0.952181 5.65726e-05
210 11 0.952163 3.04401e-06
210 12 0.952164 5.95627e-07
210 13 0.952167 1.14792e-07
210 14 0.952167 5.92155e-08
211 0 1.46794 2.43008
211 1 -1.10571 0.18517
211 2 -1.15114 0.073135
211 3 -0.954517 -0.0939547
211 4 -0.954517 -0.0939547
211 5 -0.954517 -0.0939547
211 6 -0.954517 -0.0939547
211 7 -0.954517 -0.0939547
211 8 -0.995362 -0.0443057
211 9 -0.984313 0.00652029
211 10 -0.970905 -0.00413513
211 11 -0.955604 -0.00293034
211 12 -0.952351 2.4992e-05
211 13 -0.952274 0.000100626
211 14 -0.952278 9.70963e-05
212 0 0.964161 -2.92589
212 1 0.977031 -2.92199
212 2 0.991413 -2.98007
212 3 0.988749 -2.96942
212 4 0.987852 -2.96823
212 5 0.987852 -2.96823
212 6 0.987852 -2.96823
212 7 0.987852 -2.96823
212 8 0.987852 -2.96823
212 9 0.987852 -2.96823
212 10 0.987852 -2.96823
212 11 0.987852 -2.96823
212 12 0.987852 -2.96823
212 13 0.987852 -2.96823
212 14 0.987852 -2.96823
213 0 1.29846 -0.369816
213 1 1.26323 -0.0145593
213 2 1.22534 0.0829013
213 3 0.987013 -0.0151919
213 4 0.987013 -0.0151919
213 5 0.987013 -0.0151919
213 6 0.968254 -0.0128834
213 7 0.954282 0.00112932
213 8 0.952052 0.000272739
213 9 0.952098 0.000110788
213 10 0.952193 9.12436e-06
213 11 0.952165 1.09223e-06
213 12 0.952166 6.80749e-07
213 13 0.952166 8.69312e-08
213 14 0.952167 8.62216e-10
214 0 -1.93427 -3.94043
214 1 -1.98488 -3.9925
214 2 -1.98213 -3.9915
214 3 -1.98602 -3.98637
214 4 -1.9881 -3.97764
214 5 -1.98776 -3.97476
214 6 -1.98737 -3.97453
214 7 -1.98733 -3.97451
214 8 -1.98733 -3.97451
214 9 -1.98731 -3.97454
214 10 -1.98731 -3.97454
214 11 -1.98731 -3.97454
214 12 -1.98731 -3.97454
214 13 -1.98731 -3.97454
214 14 -1.98731 -3.97454
215 0 -0.00820001 -0.0503193
215 1 -0.00164063 -0.0502843
215 2 0.00193101 -0.0020775
215 3 0.00102314 0.00101064
215 4 0.000177268 0.000981382
215 5 -8.37465e-05 -7.84236e-05
215 6 2.1384e-05 -8.62586e-05
215 7 3.81932e-05 3.41759e-05
215 8 3.68723e-06 4.32528e-05
215 9 -1.16618e-05 1.83662e-05
215 10 -1.16618e-05 1.83662e-05
215 11 -1.16618e-05 1.83662e-05
215 12 -1.16618e-05 1.83662e-05
215 13 -1.16618e-05 1.83662e-05
215 14 -1.16618e-05 1.83662e-05
216 0 -1.97277 -2.09191
216 1 0.543195 -1.16788
216 2 0.495354 -0.144777
216 3 0.290537 0.1625
216 4 0.211057 -0.128941
216 5 0.211057 -0.128941
216 6 0.0904141 0.118511
216 7 0.0904141 0.118511
216 8 0.0904141 0.118511
216 9 0.0904141 0.118511
216 10 0.0904141 0.118511
216 11 0.0904141 0.118511
216 12 0.0904141 0.118511
216 13 0.0904141 0.118511
216 14 0.0904141 0.118511
217 0 -2.8359 1.94651
217 1 -2.8359 1.94651
217 2 -2.97693 1.93825
217 3 -2.98329 1.96981
217 4 -2.97227 1.98448
217 5 -2.97385 1.98279
217 6 -2.97385 1.98279
217 7 -2.97336 1.98275
217 8 -2.97315 1.98242
217 9 -2.97312 1.9822
217 10 -2.97314 1.98214
217 11 -2.97314 1.98214
217 12 -2.97314 1.98214
217 13 -2.97314 1.98214
217 14 -2.97314 1.98214
218 0 1.05027 -1.05328
218 1 0.964385 -1.06223
218 2 0.964385 -1.06223
218 3 0.964385 -1.06223
218 4 0.964385 -1.06223
218 5 0.964385 -1.06223
218 6 0.964385 -1.06223
218 7 0.964385 -1.06223
218 8 0.964385 -1.06223
218 9 0.964385 -1.06223
218 10 0.964385 -1.06223
218 11 0.964385 -1.06223
218 12 1.02057 -0.980681
218 13 0.360302 -0.0433957
218 14 0.336081 0.0408044
219 0 1.62891 -0.43968
219 1 -0.574201 -0.11901
219 2 -0.00466226 0.0206053
219 3 -0.00466226 0.0206053
219 4 0.000960074 0.0198398
219 5 -0.00394743 -0.00790601
219 6 -0.00129915 -0.0083936
219 7 0.00289866 0.000719486
219 8 0.00055682 -0.000141082
219 9 0.000490186 -0.000257374
219 10 -9.52435e-05 1.12695e-05
219 11 -7.65234e-06 -3.00654e-05
219 12 6.05467e-06 -2.25309e-05
219 13 7.59365e-06 5.43423e-06
219 14 5.64823e-06 6.99228e-06
220 0 -3.84218 -0.0744066
220 1 -3.90418 -0.105072
220 2 -3.90418 -0.105072
220 3 -3.98331 -0.084601
220 4 -3.98331 -0.084601
220 5 -3.98331 -0.084601
220 6 -3.98331 -0.084601
220 7 -3.98331 -0.084601
220 8 -3.98331 -0.084601
220 9 -3.98331 -0.084601
220 10 -3.98331 -0.084601
220 11 -3.98331 -0.084601
220 12 -3.98331 -0.084601
220 13 -3.98331 -0.084601
220 14 -3.98331 -0.084601
221 0 -1.95952 -2.96402
221 1 -1.96047 -2.97472
221 2 -1.96841 -2.96498
221 3 -1.97882 -2.96167
221 4 -1.9832 -2.96587
221 5 -1.98622 -2.96889
221 6 -1.98624 -2.96891
221 7 -1.98627 -2.96894
221 8 -1.98627 -2.96894
221 9 -1.98627 -2.96894
221 10 -1.98627 -2.96894
221 11 -1.98627 -2.96894
221 12 -1.98627 -2.96894
221 13 -1.98627 -2.96894
221 14 -1.98627 -2.96894
222 0 3.96414 -0.0084507
222 1 3.96465 4.79434e-05
222 2 3.96761 -0.00182066
222 3 3.96875 -0.00232735
222 4 3.96875 -0.00232735
222 5 3.96875 -0.00232735
222 6 3.96875 -0.00232735
222 7 3.96875 -0.00232735
222 8 3.96875 -0.00232735
222 9 3.96875 -0.00232735
222 10 3.96875 -0.00232735
222 11 3.96875 -0.00232735
222 12 3.96875 -0.00232735
222 13 3.96875 -0.00232735
222 14 3.96875 -0.00232735
223 0 0.153897 2.97067
223 1 0.108537 2.88574
223 2 0.0871122 2.98718
223 3 -0.0184936 2.99159
223 4 0.00220741 2.95309
223 5 -0.00153066 2.96377
223 6 0.000284514 2.9649
223 7 -1.62184e-05 2.96459
223 8 8.52316e-06 2.96461
223 9 8.28693e-06 2.96461
223 10 8.31325e-06 2.96461
223 11 8.31325e-06 2.96461
223 12 8.31325e-06 2.96461
223 13 8.31325e-06 2.96461
223 14 8.31325e-06 2.96461
224 0 2.0279 2.03191
224 1 2.01144 2.04164
224 2 2.01144 2.04164
224 3 2.01144 2.04164
224 4 2.01144 2.04164
224 5 2.01144 2.04164
224 6 2.01144 2.04164
224 7 2.01144 2.04164
224 8 2.01144 2.04164
224 9 2.01144 2.04164
224 10 2.01144 2.04164
224 11 2.01144 2.04164
224 12 2.01144 2.04164
224 13 2.01144 2.04164
224 14 2.01144 2.04164
225 0 -1.10542 -5.00332
225 1 -1.09962 -4.96121
225 2 -1.07965 -5.00661
225 3 -1.03297 -5.02609
225 4 -0.980975 -5.01179
225 5 -0.990978 -4.99172
225 6 -0.997401 -4.97686
225 7 -0.994693 -4.97463
225 8 -0.994762 -4.97469
225 9 -0.994767 -4.97468
225 10 -0.994865 -4.97457
225 11 -0.994921 -4.9745
225 12 -0.99492 -4.9745
225 13 -0.99492 -4.9745
225 14 -0.99492 -4.9745
226 0 1.21409 2.29518
226 1 0.19697 1.067
226 2 0.19697 1.067
226 3 0.19697 1.067
226 4 0.19697 1.067
226 5 0.19697 1.067
226 6 -0.00442391 0.86778
226 7 0.0394132 0.912554
226 8 0.0345901 0.907501
226 9 0.0345901 0.907501
226 10 0.0345901 0.907501
226 11 0.0345901 0.907501
226 12 0.0345901 0.907501
226 13 0.0345901 0.907501
226 14 0.0345901 0.907501
227 0 -0.341033 -0.444533
227 1 0.0405939 -0.480085
227 2 0.0106162 -0.0421331
227 3 0.0106162 -0.0421331
227 4 -0.0048009 -0.0377102
227 5 -0.00506095 -0.00909164
227 6 -0.00364652 -0.0004977
227 7 -0.00298257 0.00104385
227 8 -0.00040286 0.000301353
227 9 -9.05744e-05 0.000305717
227 10 -9.05744e-05 0.000305717
227 11 -9.05744e-05 0.000305717
227 12 -9.05744e-05 0.000305717
227 13 5.46102e-05 0.000135966
227 14 5.81697e-05 2.22217e-05
228 0 -2.7835 2.3286
228 1 -2.7835 2.3286
228 2 -2.7835 2.3286
228 3 -2.7835 2.3286
228 4 -2.7835 2.3286
228 5 -2.7835 2.3286
228 6 -2.7835 2.3286
228 7 -2.7835 2.3286
228 8 -3.11784 1.99411
228 9 -3.09042 1.92464
228 10 -0.684244 0.019186
228 11 -0.683481 0.00507675
228 12 0.389395 0.0441429
228 13 0.0397874 0.0193643
228 14 -0.00688678 0.0174025
229 0 0.455239 -0.91529
229 1 0.0733628 -0.992465
229 2 0.0755107 -0.987808
229 3 0.0755107 -0.987808
229 4 -0.010623 -0.994044
229 5 0.000571197 -0.980988
229 6 0.0139299 -0.966544
229 7 0.0138286 -0.966569
229 8 0.000921043 -0.962532
229 9 0.000209533 -0.957387
229 10 -0.000588903 -0.952365
229 11 6.81412e-06 -0.952159
229 12 -4.63388e-07 -0.952168
229 13 2.48903e-07 -0.952167
229 14 2.48903e-07 -0.952167
230 0 -1.96324 -4.57238
230 1 -1.97835 -4.72229
230 2 -1.97835 -4.72229
230 3 -1.97835 -4.72229
230 4 -1.97835 -4.72229
230 5 -1.97835 -4.72229
230 6 -1.97835 -4.72229
230 7 -1.97835 -4.72229
230 8 -1.97835 -4.72229
230 9 -1.97835 -4.72229
230 10 -1.97835 -4.72229
230 11 -1.97835 -4.72229
230 12 -1.97835 -4.72229
230 13 -1.97835 -4.72229
230 14 -1.97835 -4.72229
231 0 2.94665 0.873224
231 1 2.98368 0.881012
231 2 2.98117 1.02296
231 3 2.96172 0.981825
231 4 2.96856 0.988389
231 5 2.96829 0.988125
231 6 2.96831 0.988142
231 7 2.96831 0.988142
231 8 2.96831 0.988142
231 9 2.96831 0.988142
231 10 2.96831 0.988142
231 11 2.96831 0.988142
231 12 2.96831 0.988142
231 13 2.96831 0.988142
231 14 2.96831 0.988142
232 0 3.86091 -5.061
232 1 3.86108 -4.97266
232 2 3.89259 -4.91586
232 3 3.892 -4.94223
232 4 3.96387 -5.00355
232 5 3.9923 -4.97944
232 6 3.98739 -4.98448
232 7 3.98763 -4.98424
232 8 3.98762 -4.98425
232 9 3.98761 -4.98425
232 10 3.98761 -4.98425
232 11 3.98774 -4.98398
232 12 3.98745 -4.9836
232 13 3.98655 -4.98329
232 14 3.98658 -4.98321
233 0 -1.96064 -0.935777
233 1 -1.96124 -0.987077
233 2 -1.96343 -0.98747
233 3 -1.96442 -0.982346
233 4 -1.96464 -0.982431
233 5 -1.96462 -0.982412
233 6 -1.96462 -0.982414
233 7 -1.96462 -0.982414
233 8 -1.96462 -0.982414
233 9 -1.96462 -0.982414
233 10 -1.96462 -0.982414
233 11 -1.96462 -0.982414
233 12 -1.96462 -0.982414
233 13 -1.96462 -0.982414
233 14 -1.96462 -0.982414
234 0 -2.33912 -1.41663
234 1 -0.588322 0.922876
234 2 -0.960035 0.682635
234 3 -0.907221 0.98803
234 4 -0.907221 0.98803
234 5 -0.95129 0.959581
234 6 -0.959733 0.954676
234 7 -0.961587 0.957142
234 8 -0.968247 0.966325
234 9 -0.968483 0.968322
234 10 -0.968484 0.968477
234 11 -0.968476 0.968478
234 12 -0.968478 0.968478
234 13 -0.968478 0.968478
234 14 -0.968478 0.968478
235 0 4.18075 -1.00112
235 1 3.91278 -0.893479
235 2 3.91278 -0.893479
235 3 3.91278 -0.893479
235 4 3.91278 -0.893479
235 5 3.91278 -0.893479
235 6 3.91278 -0.893479
235 7 3.91278 -0.893479
235 8 3.92203 -0.994104
235 9 3.92203 -0.994104
235 10 3.92203 -0.994104
235 11 3.97694 -0.975117
235 12 3.98258 -0.989613
235 13 3.98258 -0.989613
235 14 3.98258 -0.989613
236 0 -0.872542 -0.907297
236 1 -0.874081 -0.951743
236 2 -0.875451 -0.966925
236 3 -0.917862 -1.00467
236 4 -0.918125 -1.00498
236 5 -0.921036 -1.00295
236 6 -0.956346 -0.972205
236 7 -0.971137 -0.966555
236 8 -0.969063 -0.968468
236 9 -0.968426 -0.968666
236 10 -0.96845 -0.968559
236 11 -0.968499 -0.968477
236 12 -0.968473 -0.968478
236 13 -0.968478 -0.968477
236 14 -0.968478 -0.968478
237 0 -2.96999 -2.04031
237 1 -2.96999 -2.04031
237 2 -2.99275 -2.00776
237 3 -2.96238 -2.00217
237 4 -2.97477 -1.98587
237 5 -2.97376 -1.98223
237 6 -2.97337 -1.9821
237 7 -2.97317 -1.98205
237 8 -2.97315 -1.98211
237 9 -2.97313 -1.98214
237 10 -2.97314 -1.98214
237 11 -2.97314 -1.98214
237 12 -2.97314 -1.98214
237 13 -2.97314 -1.98214
237 14 -2.97314 -1.98214
238 0 -4.90005 -1.86355
238 1 -4.90005 -1.86355
238 2 -4.90005 -1.86355
238 3 -4.90005 -1.86355
238 4 -4.90005 -1.86355
238 5 -4.9756 -1.94328
238 6 -4.99675 -1.96341
238 7 -4.9999 -1.96667
238 8 -5.00074 -1.96756
238 9 -5.0009 -1.96779
238 10 -5.00198 -1.97407
238 11 -4.98451 -1.99002
238 12 -4.97711 -1.9909
238 13 -4.97685 -1.99079
238 14 -4.97684 -1.99077
239 0 -0.977847 4.85235
239 1 -0.906094 4.94584
239 2 -0.984983 4.99848
239 3 -0.984983 4.99848
239 4 -0.989919 4.99918
239 5 -0.989919 4.99918
239 6 -0.994843 4.99905
239 7 -0.995062 4.99762
239 8 -0.998815 4.97534
239 9 -0.995816 4.97461
239 10 -0.994963 4.97436
239 11 -0.994916 4.97447
239 12 -0.994909 4.97449
239 13 -0.994914 4.9745
239 14 -0.994919 4.9745
240 0 1.27652 -2.3947
240 1 1.1951 -3.00491
240 2 0.920245 -0.112311
240 3 0.919299 -0.0213193
240 4 0.925315 -0.00163267
240 5 0.937896 -0.00993392
240 6 0.941895 -0.0124359
240 7 0.941895 -0.0124359
240 8 0.941895 -0.0124359
240 9 0.942735 -0.0129627
240 10 0.942735 -0.0129627
240 11 0.942735 -0.0129627
240 12 0.942735 -0.0129627
240 13 0.942735 -0.0129627
240 14 0.942735 -0.0129627
241 0 -2.09578 -2.03527
241 1 -2.09578 -2.03527
241 2 -2.09578 -2.03527
241 3 -2.09578 -2.03527
241 4 -2.09578 -2.03527
241 5 -2.09578 -2.03527
241 6 -2.09578 -2.03527
241 7 -2.09578 -2.03527
241 8 -2.09578 -2.03527
241 9 -2.09578 -2.03527
241 10 -2.09578 -2.03527
241 11 -2.09578 -2.03527
241 12 -2.09578 -2.03527
241 13 -2.09578 -2.03527
241 14 -2.09578 -2.03527
242 0 0.922174 -1.06647
242 1 0.92866 -0.971665
242 2 0.92866 -0.971665
242 3 0.96078 -0.952278
242 4 0.960662 -0.957109
242 5 0.96738 -0.968935
242 6 0.968646 -0.968413
242 7 0.968495 -0.968537
242 8 0.968512 -0.968517
242 9 0.968516 -0.968512
242 10 0.968516 -0.968509
242 11 0.968488 -0.96848
242 12 0.968478 -0.968478
242 13 0.968478 -0.968478
242 14 0.968478 -0.968478
243 0 3.9857 -3.9368
243 1 3.97468 -3.93911
243 2 3.978 -3.97809
243 3 3.9823 -3.98345
243 4 3.9829 -3.983
243 5 3.98297 -3.98294
243 6 3.98297 -3.98295
243 7 3.98307 -3.98304
243 8 3.98307 -3.98307
243 9 3.98307 -3.98307
243 10 3.98307 -3.98307
243 11 3.98307 -3.98307
243 12 3.98307 -3.98307
243 13 3.98307 -3.98307
243 14 3.98307 -3.98307
244 0 2.56852 -2.17534
244 1 2.56852 -2.17534
244 2 2.05499 -0.0736491
244 3 2.0672 -0.0156914
244 4 2.04692 0.0386295
244 5 2.00302 0.0716327
244 6 2.00302 0.0716327
244 7 2.00302 0.0716327
244 8 2.00302 0.0716327
244 9 2.00302 0.0716327
244 10 2.00302 0.0716327
244 11 2.00302 0.0716327
244 12 2.00302 0.0716327
244 13 2.00302 0.0716327
244 14 2.00302 0.0716327
245 0 1.0007 2.94401
245 1 1.00341 2.96999
245 2 1.00341 2.96999
245 3 1.00341 2.96999
245 4 1.00341 2.96999
245 5 1.00341 2.96999
245 6 1.00341 2.96999
245 7 1.00341 2.96999
245 8 1.00341 2.96999
245 9 1.00341 2.96999
245 10 1.00341 2.96999
245 11 1.00341 2.96999
245 12 1.00341 2.96999
245 13 1.00341 2.96999
245 14 1.00341 2.96999
246 0 3.97774 -0.976709
246 1 3.97765 -0.988996
246 2 3.97765 -0.988996
246 3 3.97765 -0.988996
246 4 3.97765 -0.988996
246 5 3.97765 -0.988996
246 6 3.97765 -0.988996
246 7 3.97765 -0.988996
246 8 3.97765 -0.988996
246 9 3.97765 -0.988996
246 10 3.97765 -0.988996
246 11 3.97765 -0.988996
246 12 3.97765 -0.988996
246 13 3.97765 -0.988996
246 14 3.97765 -0.988996
247 0 0.28386 -1.05685
247 1 0.28386 -1.05685
247 2 0.231491 -0.241679
247 3 0.231491 -0.241679
247 4 0.231491 -0.241679
247 5 0.231491 -0.241679
247 6 0.231491 -0.241679
247 7 0.231491 -0.241679
247 8 0.231491 -0.241679
247 9 0.231491 -0.241679
247 10 0.231491 -0.241679
247 11 0.231491 -0.241679
247 12 0.231491 -0.241679
247 13 0.231491 -0.241679
247 14 0.231491 -0.241679
248 0 4.08506 3.71182
248 1 3.97133 3.69623
248 2 3.97864 4.01293
248 3 3.98101 3.98881
248 4 3.98421 3.98647
248 5 3.98163 3.98247
248 6 3.9828 3.9833
248 7 3.98288 3.98333
248 8 3.98301 3.98326
248 9 3.98304 3.98314
248 10 3.98308 3.98307
248 11 3.98307 3.98307
248 12 3.98307 3.98307
248 13 3.98307 3.98307
248 14 3.98307 3.98307
249 0 -2.73282 1.79372
249 1 -2.991 1.94826
249 2 -2.98601 1.99703
249 3 -2.976 1.9873
249 4 -2.97342 1.982
249 5 -2.97321 1.98196
249 6 -2.97308 1.98201
249 7 -2.9731 1.98205
249 8 -2.97314 1.98212
249 9 -2.97314 1.98214
249 10 -2.97314 1.98214
249 11 -2.97314 1.98214
249 12 -2.97314 1.98214
249 13 -2.97314 1.98214
249 14 -2.97314 1.98214
250 0 0.077965 2.79637
250 1 -0.0106035 2.79972
250 2 0.061477 2.84848
250 3 0.0465864 2.94968
250 4 0.0367181 2.94036
250 5 0.0275715 2.93144
250 6 0.0281915 2.93213
250 7 0.0302012 2.93448
250 8 0.0304348 2.9354
250 9 0.0165337 2.96241
250 10 -0.00493104 2.96239
250 11 7.12233e-06 2.96466
250 12 -7.99164e-06 2.96463
250 13 -7.04084e-06 2.96462
250 14 1.70021e-06 2.96462
251 0 0.832158 -0.821427
251 1 0.90872 -0.959549
251 2 0.952939 -0.959664
251 3 0.962173 -0.970519
251 4 0.965977 -0.965391
251 5 0.965634 -0.966401
251 6 0.966552 -0.967673
251 7 0.968577 -0.96827
251 8 0.968468 -0.968441
251 9 0.968455 -0.968461
251 10 0.968456 -0.968463
251 11 0.968475 -0.968475
251 12 0.968477 -0.968478
251 13 0.968478 -0.968478
251 14 0.968478 -0.968478
252 0 -0.556576 -1.21835
252 1 1.04804 0.0906615
252 2 1.01763 -0.05389
252 3 0.956929 0.024706
252 4 0.944025 0.0179101
252 5 0.944615 0.0111257
252 6 0.952035 -0.000208686
252 7 0.952139 -1.59978e-05
252 8 0.952159 3.34251e-06
252 9 0.952161 5.04496e-06
252 10 0.952161 5.04496e-06
252 11 0.952161 5.04496e-06
252 12 0.952161 5.04496e-06
252 13 0.952161 5.04496e-06
252 14 0.952161 5.04496e-06
253 0 2.9637 -1.99109
253 1 2.97134 -1.99021
253 2 2.97225 -1.98308
253 3 2.97309 -1.98224
253 4 2.97317 -1.98217
253 5 2.97317 -1.98217
253 6 2.97317 -1.98217
253 7 2.97317 -1.98217
253 8 2.97317 -1.98217
253 9 2.97317 -1.98217
253 10 2.97317 -1.98217
253 11 2.97317 -1.98217
253 12 2.97317 -1.98217
253 13 2.97317 -1.98217
253 14 2.97317 -1.98217
254 0 -0.0401026 -2.99091
254 1 -0.018169 -2.95055
254 2 -0.0079653 -2.96321
254 3 -0.00416014 -2.96668
254 4 -0.0031704 -2.96761
254 5 -0.00311796 -2.96767
254 6 -0.00309066 -2.96769
254 7 -0.00307701 -2.96771
254 8 -0.00306337 -2.96772
254 9 -0.00306337 -2.96772
254 10 -0.00306337 -2.96772
254 11 -0.00306337 -2.96772
254 12 -0.00306337 -2.96772
254 13 -0.00306337 -2.96772
254 14 -0.00306337 -2.96772
255 0 0.160496 1.00844
255 1 0.160496 1.00844
255 2 0.160496 1.00844
255 3 0.160496 1.00844
255 4 0.160496 1.00844
255 5 0.160496 1.00844
255 6 0.160496 1.00844
255 7 0.160496 1.00844
255 8 0.039192 1.03138
255 9 -0.00720742 1.02812
255 10 0.000231335 1.00719
255 11 0.00837492 0.95911
255 12 -0.000405575 0.953014
255 13 -0.000458091 0.952816
255 14 -0.000299823 0.952252
