OptIndex Step X_0 X_1
0 0 -4.03761 -3.04703
0 1 -3.64782 -3.09965
0 2 -3.71218 -3.08781
0 3 -3.71218 -3.08781
0 4 -3.71218 -3.08781
0 5 -3.71218 -3.08781
0 6 -3.71218 -3.08781
0 7 -3.71218 -3.08781
0 8 -3.71218 -3.08781
0 9 -3.71218 -3.08781
0 10 -3.71532 -3.09492
0 11 -3.8138 -3.29586
0 12 -3.78649 -3.28355
0 13 -3.77959 -3.28157
0 14 -3.7793 -3.28284
1 0 -0.0634372 2.8236
1 1 -3.34943 4.02148
1 2 -3.34943 4.02148
1 3 -2.71098 3.96117
1 4 -2.15537 3.52396
1 5 -2.08029 3.44526
1 6 -2.08029 3.44526
1 7 -2.63094 3.49959
1 8 -2.83977 3.50449
1 9 -2.79522 3.49738
1 10 -2.79522 3.49738
1 11 -2.83284 3.35422
1 12 -2.87152 3.17887
1 13 -2.83447 3.14194
1 14 -2.80758 3.13098
2 0 -1.69248 1.52622
2 1 -2.79893 2.04654
2 2 -3.00242 2.81026
2 3 -3.08421 3.15473
2 4 -3.08421 3.15473
2 5 -3.08421 3.15473
2 6 -3.08421 3.15473
2 7 -3.08421 3.15473
2 8 -3.08421 3.15473
2 9 -3.08421 3.15473
2 10 -3.08421 3.15473
2 11 -3.08421 3.15473
2 12 -3.08421 3.15473
2 13 -3.08421 3.15473
2 14 -3.08421 3.15473
3 0 3.32322 -2.49866
3 1 3.32924 -1.86999
3 2 3.32924 -1.86999
3 3 3.51208 -1.96546
3 4 3.58194 -1.8069
3 5 3.57273 -1.81782
3 6 3.57273 -1.81782
3 7 3.57273 -1.81782
3 8 3.57273 -1.81782
3 9 3.57273 -1.81782
3 10 3.57273 -1.81782
3 11 3.57273 -1.81782
3 12 3.57273 -1.81782
3 13 3.57273 -1.81782
3 14 3.57273 -1.81782
4 0 3.35677 -2.35909
4 1 3.63024 -1.88808
4 2 3.60317 -1.8268
4 3 3.60317 -1.8268
4 4 3.60317 -1.8268
4 5 3.60317 -1.8268
4 6 3.60317 -1.8268
4 7 3.60317 -1.8268
4 8 3.60317 -1.8268
4 9 3.60317 -1.8268
4 10 3.60317 -1.8268
4 11 3.60317 -1.8268
4 12 3.60317 -1.8268
4 13 3.60317 -1.8268
4 14 3.60317 -1.8268
5 0 2.8311 1.98408
5 1 2.82971 2.0828
5 2 2.82971 2.0828
5 3 2.82962 2.09049
5 4 2.82962 2.09049
5 5 2.82962 2.09049
5 6 2.82962 2.09049
5 7 2.82962 2.09049
5 8 2.87612 2.09443
5 9 2.97597 2.08052
5 10 2.99403 2.00162
5 11 2.99904 1.99901
5 12 3.00003 2.00041
5 13 2.99987 2.00029
5 14 2.99987 2.00027
6 0 -3.20547 0.0952588
6 1 -3.13904 2.68484
6 2 -3.13904 2.68484
6 3 -3.13904 2.68484
6 4 -3.08277 2.64529
6 5 -3.00789 2.82211
6 6 -2.79748 3.21281
6 7 -2.84793 3.14279
6 8 -2.83646 3.14999
6 9 -2.82398 3.15531
6 10 -2.81391 3.14937
6 11 -2.81007 3.13702
6 12 -2.80298 3.13111
6 13 -2.80532 3.13162
6 14 -2.80516 3.13136
7 0 -1.08653 2.58737
7 1 -2.53777 2.68337
7 2 -2.94966 2.70956
7 3 -2.87119 2.6932
7 4 -2.87119 2.6932
7 5 -2.91908 3.05956
7 6 -2.83914 3.13751
7 7 -2.82693 3.14969
7 8 -2.82709 3.14953
7 9 -2.82709 3.14953
7 10 -2.82709 3.14953
7 11 -2.82709 3.14953
7 12 -2.82709 3.14953
7 13 -2.82709 3.14953
7 14 -2.82709 3.14953
8 0 3.36906 -0.279856
8 1 3.41793 -2.1161
8 2 3.41793 -2.1161
8 3 3.47058 -1.79887
8 4 3.49392 -1.88529
8 5 3.55698 -1.90693
8 6 3.58347 -1.83666
8 7 3.58104 -1.84113
8 8 3.58104 -1.84113
8 9 3.58104 -1.84113
8 10 3.58104 -1.84113
8 11 3.58104 -1.84113
8 12 3.58104 -1.84113
8 13 3.58104 -1.84113
8 14 3.58104 -1.84113
9 0 4.27089 -0.776298
9 1 4.16117 -1.82308
9 2 4.16117 -1.82308
9 3 4.10379 -2.16284
9 4 4.04452 -1.77977
9 5 3.73296 -1.35562
9 6 3.66039 -1.53546
9 7 3.54418 -1.59461
9 8 3.54541 -1.62478
9 9 3.58636 -1.91116
9 10 3.57902 -1.83287
9 11 3.58332 -1.84535
9 12 3.58452 -1.84672
9 13 3.58464 -1.84855
9 14 3.58465 -1.84813
10 0 -3.9565 -1.38438
10 1 -3.97975 -3.13048
10 2 -3.97975 -3.13048
10 3 -3.97975 -3.13048
10 4 -3.97975 -3.13048
10 5 -3.97975 -3.13048
10 6 -3.97975 -3.13048
10 7 -3.97975 -3.13048
10 8 -3.97975 -3.13048
10 9 -3.97975 -3.13048
10 10 -3.97975 -3.13048
10 11 -3.97975 -3.13048
10 12 -3.97975 -3.13048
10 13 -3.97975 -3.13048
10 14 -3.97975 -3.13048
11 0 -3.01051 -0.530825
11 1 -3.01409 -3.46921
11 2 -3.01409 -3.46921
11 3 -3.01409 -3.46921
11 4 -3.01409 -3.46921
11 5 -3.01409 -3.46921
11 6 -3.28614 -3.40937
11 7 -3.74729 -3.13495
11 8 -3.82875 -3.24053
11 9 -3.82079 -3.23675
11 10 -3.78319 -3.2503
11 11 -3.78044 -3.27655
11 12 -3.77682 -3.2824
11 13 -3.77913 -3.28362
11 14 -3.77925 -3.2834
12 0 -2.58169 2.24367
12 1 -2.58296 3.48691
12 2 -2.70057 3.15691
12 3 -2.74696 3.11448
12 4 -2.7654 3.09649
12 5 -2.7651 3.09677
12 6 -2.7651 3.09677
12 7 -2.80082 3.13183
12 8 -2.80526 3.13155
12 9 -2.80511 3.13133
12 10 -2.80512 3.13131
12 11 -2.80512 3.13131
12 12 -2.80512 3.13131
12 13 -2.80512 3.13131
12 14 -2.80512 3.13131
13 0 2.59869 2.61162
13 1 2.86941 2.52386
13 2 2.86941 2.52386
13 3 2.714 2.37505
13 4 2.72085 2.38147
13 5 2.72326 2.38285
13 6 2.78321 2.38739
13 7 2.96068 2.31239
13 8 2.96068 2.31239
13 9 2.96068 2.31239
13 10 2.86843 2.20152
13 11 2.86246 2.19448
13 12 2.86309 2.19468
13 13 2.93105 2.1868
13 14 2.98486 2.14669
14 0 3.42996 0.597152
14 1 3.32587 2.00928
14 2 3.32587 2.00928
14 3 3.31759 1.69717
14 4 3.31481 1.78729
14 5 3.31308 1.75159
14 6 3.31046 1.81682
14 7 3.30346 1.72975
14 8 3.29485 1.88256
14 9 3.26733 1.69941
14 10 3.24734 1.95873
14 11 3.15762 1.69633
14 12 3.15173 1.98747
14 13 3.06886 1.88303
14 14 3.06793 1.8829
15 0 3.12588 1.80694
15 1 3.13854 1.86488
15 2 3.13918 1.91406
15 3 3.13884 1.90522
15 4 3.13748 1.93505
15 5 3.12942 1.88224
15 6 3.12623 1.92978
15 7 3.04745 1.85291
15 8 3.06659 1.87322
15 9 3.06659 1.87322
15 10 3.06659 1.87322
15 11 3.06659 1.87322
15 12 3.06659 1.87322
15 13 3.06659 1.87322
15 14 3.06659 1.87322
16 0 3.69623 -1.80882
16 1 3.6137 -1.78848
16 2 3.58599 -1.80223
16 3 3.57715 -1.81556
16 4 3.57487 -1.81791
16 5 3.57487 -1.81791
16 6 3.57487 -1.81791
16 7 3.57487 -1.81791
16 8 3.57487 -1.81791
16 9 3.57487 -1.81791
16 10 3.57487 -1.81791
16 11 3.57487 -1.81791
16 12 3.57487 -1.81791
16 13 3.57487 -1.81791
16 14 3.57487 -1.81791
17 0 2.52263 2.89885
17 1 2.32768 2.76962
17 2 2.60633 2.80102
17 3 3.01941 2.35657
17 4 2.95236 2.11694
17 5 2.94521 2.06778
17 6 2.96214 2.03024
17 7 3.00598 2.00795
17 8 2.99957 1.99761
17 9 3.00059 1.9983
17 10 3.00072 1.99852
17 11 3.00088 1.99879
17 12 3.00084 1.99885
17 13 3 1.99976
17 14 2.99998 2.00006
18 0 4.14603 -0.780245
18 1 4.07381 -1.88209
18 2 4.07381 -1.88209
18 3 4.06652 -2.00259
18 4 4.04195 -1.7802
18 5 3.57495 -1.11071
18 6 3.64419 -1.65028
18 7 3.6617 -1.79388
18 8 3.6617 -1.79388
18 9 3.66566 -1.82629
18 10 3.66566 -1.82629
18 11 3.66574 -1.86693
18 12 3.66574 -1.86693
18 13 3.66376 -1.88596
18 14 3.6106 -1.83267
19 0 -2.79595 3.14364
19 1 -2.79562 3.1307
19 2 -2.79562 3.1307
19 3 -2.80517 3.13134
19 4 -2.80512 3.13131
19 5 -2.80512 3.13131
19 6 -2.80512 3.13131
19 7 -2.80512 3.13131
19 8 -2.80512 3.13131
19 9 -2.80512 3.13131
19 10 -2.80512 3.13131
19 11 -2.80512 3.13131
19 12 0 0
19 13 0 0
19 14 0 0
20 0 -3.57232 -2.81565
20 1 -3.58552 -3.2697
20 2 -3.58552 -3.2697
20 3 -3.70805 -3.39192
20 4 -3.70718 -3.39111
20 5 -3.70852 -3.3898
20 6 -3.7648 -3.31475
20 7 -3.7841 -3.29006
20 8 -3.7794 -3.28355
20 9 -3.77919 -3.2833
20 10 -3.7792 -3.28331
20 11 -3.77924 -3.28333
20 12 -3.77929 -3.28329
20 13 -3.77931 -3.28321
20 14 -3.77932 -3.28319
21 0 4.03176 -0.310751
21 1 3.90769 -1.93726
21 2 3.9076 -1.92322
21 3 3.90235 -1.99854
21 4 3.86746 -1.73208
21 5 3.70887 -1.5051
21 6 3.6478 -1.74807
21 7 3.61225 -1.70986
21 8 3.59596 -1.8145
21 9 3.58587 -1.83096
21 10 3.57982 -1.83514
21 11 3.58128 -1.83504
21 12 3.5837 -1.83721
21 13 3.58542 -1.83957
21 14 3.58644 -1.84113
22 0 -3.05553 3.29992
22 1 -2.95309 3.34863
22 2 -2.94848 3.17752
22 3 -2.94848 3.17752
22 4 -2.814 3.14198
22 5 -2.80699 3.13176
22 6 -2.8049 3.13111
22 7 -2.80508 3.1313
22 8 -2.80512 3.13132
22 9 -2.80512 3.13131
22 10 -2.80512 3.13131
22 11 -2.80512 3.13131
22 12 -2.80512 3.13131
22 13 -2.80512 3.13131
22 14 -2.80512 3.13131
23 0 -2.48378 2.904
23 1 -2.90359 2.94486
23 2 -2.76024 2.9865
23 3 -2.78251 3.04204
23 4 -2.82125 3.12985
23 5 -2.80098 3.13086
23 6 -2.80506 3.13102
23 7 -2.80512 3.1313
23 8 -2.80512 3.13131
23 9 -2.80512 3.13131
23 10 -2.80512 3.13131
23 11 -2.80512 3.13131
23 12 -2.80512 3.13131
23 13 0 0
23 14 0 0
24 0 3.01178 2.25342
24 1 3.01769 2.0229
24 2 3.01769 2.0229
24 3 3.02089 1.99955
24 4 3.02089 1.99955
24 5 3.02084 1.98957
24 6 3.01477 2.0026
24 7 3.0066 1.99452
24 8 3.00439 1.99231
24 9 3.00439 1.99231
24 10 3.00446 1.99239
24 11 3.00446 1.99239
24 12 3.00446 1.99239
24 13 3.00446 1.99239
24 14 3.00446 1.99239
25 0 -3.34985 -3.28577
25 1 -3.37731 -3.13696
25 2 -3.38591 -3.22386
25 3 -3.42229 -3.31174
25 4 -3.72994 -3.2359
25 5 -3.79178 -3.26273
25 6 -3.77995 -3.2758
25 7 -3.77875 -3.28286
25 8 -3.77938 -3.28336
25 9 -3.77928 -3.28325
25 10 -3.77927 -3.28324
25 11 -3.77927 -3.28324
25 12 -3.77927 -3.28324
25 13 -3.77927 -3.28324
25 14 -3.77927 -3.28324
26 0 -2.97128 -0.716429
26 1 -2.98614 -3.85512
26 2 -2.98614 -3.85512
26 3 -2.98614 -3.85512
26 4 -2.98614 -3.85512
26 5 -3.19098 -3.48037
26 6 -3.85498 -3.34776
26 7 -3.7738 -3.33197
26 8 -3.7797 -3.30377
26 9 -3.78662 -3.28725
26 10 -3.77888 -3.28227
26 11 -3.77942 -3.28295
26 12 -3.77947 -3.28303
26 13 -3.77947 -3.28306
26 14 -3.77932 -3.28308
27 0 -3.37691 2.23309
27 1 -3.85617 -3.37316
27 2 -3.85617 -3.37316
27 3 -3.85617 -3.37316
27 4 -3.85617 -3.37316
27 5 -3.85617 -3.37316
27 6 -3.85617 -3.37316
27 7 -3.85617 -3.37316
27 8 -3.85617 -3.37316
27 9 -3.85617 -3.37316
27 10 -3.85617 -3.37316
27 11 -3.85617 -3.37316
27 12 -3.85617 -3.37316
27 13 -3.85617 -3.37316
27 14 -3.85617 -3.37316
28 0 -3.13418 2.36741
28 1 -3.13652 3.23734
28 2 -3.13652 3.23734
28 3 -3.07708 3.06776
28 4 -3.00385 3.11738
28 5 -2.87559 3.21963
28 6 -2.88194 3.20849
28 7 -2.88766 3.17143
28 8 -2.83754 3.13682
28 9 -2.81005 3.12834
28 10 -2.80489 3.12974
28 11 -2.80501 3.13089
28 12 -2.80515 3.13131
28 13 -2.80511 3.13131
28 14 -2.80512 3.13131
29 0 -1.44201 2.82119
29 1 -2.87825 2.74979
29 2 -2.86056 3.06798
29 3 -2.80603 3.10686
29 4 -2.79399 3.12189
29 5 -2.79325 3.12362
29 6 -2.79581 3.12808
29 7 -2.80576 3.13082
29 8 -2.80509 3.13111
29 9 -2.80506 3.13123
29 10 -2.80508 3.13131
29 11 -2.80512 3.13131
29 12 -2.80512 3.13131
29 13 -2.80512 3.13131
29 14 -2.80512 3.13131
30 0 3.22255 -1.72419
30 1 3.32642 -1.48336
30 2 3.33509 -1.77706
30 3 3.40494 -1.55089
30 4 3.42966 -1.80142
30 5 3.59942 -1.86183
30 6 3.58319 -1.83912
30 7 3.58447 -1.85115
30 8 3.58414 -1.8478
30 9 3.58414 -1.8478
30 10 3.58413 -1.84792
30 11 3.58423 -1.84805
30 12 3.58441 -1.84804
30 13 3.58442 -1.84815
30 14 3.58443 -1.84813
31 0 3.18253 0.818461
31 1 3.18759 2.02063
31 2 3.18759 2.02063
31 3 3.18608 1.83629
31 4 3.18553 1.88332
31 5 3.18537 1.87506
31 6 3.1851 1.8879
31 7 3.18376 1.85765
31 8 3.18181 1.90888
31 9 3.17583 1.85648
31 10 3.17276 1.90453
31 11 3.11692 1.78422
31 12 3.1249 1.86469
31 13 3.0668 1.89847
31 14 3.00189 2.00556
32 0 -2.88402 -2.39131
32 1 -2.83671 -2.50598
32 2 -2.79509 -2.66968
32 3 -2.79509 -2.66968
32 4 -2.79509 -2.66968
32 5 -2.79509 -2.66968
32 6 -2.79509 -2.66968
32 7 -2.79509 -2.66968
32 8 -2.79509 -2.66968
32 9 -2.79509 -2.66968
32 10 -2.79509 -2.66968
32 11 -2.79509 -2.66968
32 12 -2.79509 -2.66968
32 13 -2.79509 -2.66968
32 14 -2.79509 -2.66968
33 0 3.65552 -2.41486
33 1 3.6215 -2.41378
33 2 3.60199 -2.19803
33 3 3.58377 -1.9484
33 4 3.58442 -1.86926
33 5 3.58557 -1.85049
33 6 3.58505 -1.84769
33 7 3.58448 -1.84859
33 8 3.58453 -1.84856
33 9 3.58453 -1.84853
33 10 3.58446 -1.84814
33 11 3.58444 -1.84815
33 12 3.58443 -1.84814
33 13 3.58443 -1.84813
33 14 3.58443 -1.84813
34 0 3.68553 -1.99336
34 1 3.57771 -1.94855
34 2 3.57771 -1.94855
34 3 3.58224 -1.90874
34 4 3.59345 -1.85503
34 5 3.58774 -1.84229
34 6 3.58395 -1.8497
34 7 3.58467 -1.84937
34 8 3.58461 -1.84919
34 9 3.58431 -1.84827
34 10 3.58434 -1.84808
34 11 3.58434 -1.84809
34 12 3.58437 -1.84811
34 13 3.58442 -1.84812
34 14 3.58443 -1.84813
35 0 -3.08869 -0.162542
35 1 -3.08167 -2.78575
35 2 -3.08167 -2.78575
35 3 -3.08167 -2.78575
35 4 -2.92468 2.43909
35 5 -3.07447 3.07246
35 6 -3.07874 3.10823
35 7 -3.07874 3.10823
35 8 -3.07874 3.10823
35 9 -3.07874 3.10823
35 10 -3.07874 3.10823
35 11 -3.07874 3.10823
35 12 -3.07874 3.10823
35 13 -3.07874 3.10823
35 14 -3.07874 3.10823
36 0 3.32255 -1.79609
36 1 3.4755 -1.6828
36 2 3.4755 -1.6828
36 3 3.47004 -1.78032
36 4 3.47004 -1.78032
36 5 3.47705 -1.86434
36 6 3.50937 -1.84803
36 7 3.58003 -1.79222
36 8 3.57186 -1.80495
36 9 3.5697 -1.80742
36 10 3.5697 -1.80742
36 11 3.5697 -1.80742
36 12 3.5697 -1.80742
36 13 3.5697 -1.80742
36 14 3.5697 -1.80742
37 0 3.5985 -2.51439
37 1 3.6702 -1.95604
37 2 3.58538 -1.8247
37 3 3.58538 -1.8247
37 4 3.58538 -1.8247
37 5 3.58538 -1.8247
37 6 3.58348 -1.82442
37 7 3.58396 -1.84968
37 8 3.58442 -1.8484
37 9 3.5845 -1.84829
37 10 3.5845 -1.84829
37 11 3.5845 -1.84829
37 12 3.5845 -1.84829
37 13 3.5845 -1.84829
37 14 3.5845 -1.84829
38 0 -2.52742 1.92133
38 1 -2.52906 3.33861
38 2 -2.66212 3.05341
38 3 -2.68015 3.08472
38 4 -2.79446 3.13213
38 5 -2.80501 3.13373
38 6 -2.80531 3.13197
38 7 -2.80528 3.13135
38 8 -2.80511 3.13131
38 9 -2.80512 3.13131
38 10 -2.80512 3.13131
38 11 -2.80512 3.13131
38 12 -2.80512 3.13131
38 13 -2.80512 3.13131
38 14 -2.80512 3.13131
39 0 -1.71004 3.55296
39 1 -2.61429 3.72375
39 2 -2.61429 3.72375
39 3 -2.87077 3.72013
39 4 -2.73086 3.70411
39 5 -2.73086 3.70411
39 6 -2.84939 3.70513
39 7 -2.76811 3.67474
39 8 -2.76811 3.67474
39 9 -2.76811 3.67474
39 10 -2.76811 3.67474
39 11 -2.76811 3.67474
39 12 -2.76811 3.67474
39 13 -2.76811 3.67474
39 14 -2.76811 3.67474
40 0 -2.44469 2.31762
40 1 -2.44469 2.31762
40 2 -2.05882 2.63585
40 3 -2.1581 2.57074
40 4 -2.31907 2.51859
40 5 -2.98566 2.79464
40 6 -2.7519 3.14752
40 7 -2.78687 3.11764
40 8 -2.78881 3.11606
40 9 -2.78955 3.11595
40 10 -2.80595 3.12264
40 11 -2.80434 3.12668
40 12 -2.80289 3.13049
40 13 -2.80378 3.1309
40 14 -2.80487 3.13145
41 0 -3.00581 3.21866
41 1 -3.0003 3.10202
41 2 -2.94228 3.19318
41 3 -2.88062 3.1375
41 4 -2.80556 3.1173
41 5 -2.80203 3.12469
41 6 -2.80063 3.12917
41 7 -2.80265 3.13068
41 8 -2.8048 3.13147
41 9 -2.80515 3.13141
41 10 -2.80512 3.13134
41 11 -2.80511 3.13131
41 12 -2.80512 3.13131
41 13 -2.80512 3.13131
41 14 -2.80512 3.13131
42 0 3.01948 2.25015
42 1 3.03933 1.88985
42 2 3.04436 1.95818
42 3 3.04436 1.95818
42 4 3.04436 1.95818
42 5 3.04436 1.95818
42 6 3.04436 1.95818
42 7 3.01407 1.98241
42 8 2.99971 2.00456
42 9 3.0005 1.99948
42 10 3.00051 1.99961
42 11 3.00051 1.99961
42 12 3.00051 1.99961
42 13 3.00051 1.99961
42 14 3.00051 1.99961
43 0 0.494093 -1.93642
43 1 4.34514 -1.58986
43 2 3.63758 -1.71801
43 3 3.5896 -1.76419
43 4 3.56631 -1.78771
43 5 3.56631 -1.78771
43 6 3.56631 -1.78771
43 7 3.56631 -1.78771
43 8 3.56631 -1.78771
43 9 3.56631 -1.78771
43 10 3.56631 -1.78771
43 11 3.56631 -1.78771
43 12 3.56631 -1.78771
43 13 3.56631 -1.78771
43 14 3.56631 -1.78771
44 0 -3.62238 -3.15527
44 1 -3.63832 -3.28683
44 2 -3.64842 -3.31171
44 3 -3.80632 -3.23444
44 4 -3.78097 -3.29578
44 5 -3.78026 -3.28567
44 6 -3.77934 -3.28331
44 7 -3.77929 -3.28319
44 8 -3.77931 -3.28319
44 9 -3.77931 -3.28318
44 10 -3.77931 -3.28319
44 11 -3.77931 -3.28319
44 12 -3.77931 -3.28319
44 13 -3.77931 -3.28319
44 14 -3.77931 -3.28319
45 0 -2.37173 -2.67319
45 1 -3.83451 -2.86841
45 2 -3.85944 -2.88538
45 3 -3.82959 -3.06427
45 4 -3.66828 -3.23392
45 5 -3.76521 -3.33515
45 6 -3.75017 -3.32039
45 7 -3.75235 -3.32238
45 8 -3.75519 -3.32347
45 9 -3.77919 -3.30647
45 10 -3.77965 -3.2886
45 11 -3.78094 -3.28377
45 12 -3.77913 -3.28272
45 13 -3.77936 -3.28307
45 14 -3.77939 -3.28313
46 0 -3.1807 -1.60746
46 1 -2.87096 -2.10206
46 2 -2.79533 -2.59559
46 3 -2.76803 -2.75564
46 4 -2.76803 -2.75564
46 5 -2.76803 -2.75564
46 6 -2.76803 -2.75564
46 7 -2.76803 -2.75564
46 8 -2.76803 -2.75564
46 9 -2.76803 -2.75564
46 10 -2.76803 -2.75564
46 11 -2.76803 -2.75564
46 12 -2.76803 -2.75564
46 13 -2.76803 -2.75564
46 14 -2.76803 -2.75564
47 0 2.7256 2.43235
47 1 2.74228 2.15385
47 2 2.74616 2.10447
47 3 2.76412 2.19349
47 4 2.79603 2.04972
47 5 2.91646 2.0999
47 6 2.94813 2.09779
47 7 2.99131 2.05066
47 8 3.00389 2.01117
47 9 3.00464 1.99988
47 10 3.00464 1.99988
47 11 3.00464 1.99988
47 12 3.00464 1.99988
47 13 3.00464 1.99988
47 14 3.00464 1.99988
48 0 3.54263 -0.277412
48 1 3.51258 -1.87974
48 2 3.51258 -1.87974
48 3 3.51409 -1.83393
48 4 3.51678 -1.86266
48 5 3.56672 -1.89142
48 6 3.58114 -1.83215
48 7 3.57939 -1.84516
48 8 3.58313 -1.84624
48 9 3.58444 -1.84819
48 10 3.58443 -1.84814
48 11 3.58443 -1.84813
48 12 3.58443 -1.84813
48 13 3.58443 -1.84813
48 14 3.58443 -1.84813
49 0 3.49772 -0.597072
49 1 3.48826 -2.0521
49 2 3.48826 -2.0521
49 3 3.51405 -1.86996
49 4 3.52863 -1.91282
49 5 3.58964 -1.90137
49 6 3.59008 -1.86135
49 7 3.5849 -1.84664
49 8 3.58472 -1.84788
49 9 3.58468 -1.84777
49 10 3.58449 -1.84809
49 11 3.58445 -1.84811
49 12 3.58443 -1.84813
49 13 3.58443 -1.84813
49 14 3.58443 -1.84813
50 0 2.75788 0.317033
50 1 3.32465 1.75867
50 2 3.32031 1.83732
50 3 3.30695 1.70745
50 4 3.29278 1.90506
50 5 3.24701 1.67579
50 6 3.22396 1.91788
50 7 3.16969 1.81049
50 8 3.12186 1.97843
50 9 2.96277 2.02638
50 10 2.99588 2.00495
50 11 3.00009 1.99708
50 12 2.99971 2.00032
50 13 2.99971 2.00014
50 14 2.99971 2.00014
51 0 -2.69658 0.250055
51 1 -2.71308 2.38735
51 2 -2.71308 2.38735
51 3 -2.71275 2.92832
51 4 -2.73911 3.08061
51 5 -2.79329 3.13182
51 6 -2.80316 3.13131
51 7 -2.80512 3.13117
51 8 -2.80512 3.13132
51 9 -2.80512 3.13131
51 10 -2.80512 3.13131
51 11 -2.80512 3.13131
51 12 0 0
51 13 0 0
51 14 0 0
52 0 3.34727 -2.33569
52 1 3.34968 -1.9641
52 2 3.34968 -1.9641
52 3 3.49246 -1.70249
52 4 3.50813 -1.72006
52 5 3.58944 -1.80928
52 6 3.59146 -1.83105
52 7 3.59221 -1.84937
52 8 3.59221 -1.84937
52 9 3.59221 -1.84937
52 10 3.59221 -1.84937
52 11 3.59221 -1.84937
52 12 3.59221 -1.84937
52 13 3.59221 -1.84937
52 14 3.59221 -1.84937
53 0 -3.63313 -3.19929
53 1 -3.71496 -3.32388
53 2 -3.75672 -3.26227
53 3 -3.75833 -3.26037
53 4 -3.75833 -3.26037
53 5 -3.75833 -3.26037
53 6 -3.75833 -3.26037
53 7 -3.75833 -3.26037
53 8 -3.75833 -3.26037
53 9 -3.75833 -3.26037
53 10 -3.75833 -3.26037
53 11 -3.75833 -3.26037
53 12 -3.75833 -3.26037
53 13 -3.75833 -3.26037
53 14 -3.75833 -3.26037
54 0 -3.36613 -2.45218
54 1 -3.80137 -2.59269
54 2 -3.98171 -3.07581
54 3 -3.87283 -3.2597
54 4 -3.7921 -3.25256
54 5 -3.78682 -3.2769
54 6 -3.77434 -3.27785
54 7 -3.77849 -3.28152
54 8 -3.77962 -3.28269
54 9 -3.77962 -3.28269
54 10 -3.77962 -3.28269
54 11 -3.77962 -3.28269
54 12 -3.77962 -3.28269
54 13 -3.77962 -3.28269
54 14 -3.77962 -3.28269
55 0 -0.62193 2.69423
55 1 -2.58518 2.83844
55 2 -2.87125 2.83659
55 3 -2.87125 2.83659
55 4 -2.82308 3.07317
55 5 -2.79098 3.14042
55 6 -2.80346 3.13039
55 7 -2.80385 3.13007
55 8 -2.80388 3.13009
55 9 -2.80455 3.13097
55 10 -2.80523 3.13135
55 11 -2.80513 3.1313
55 12 -2.80511 3.1313
55 13 -2.80512 3.13131
55 14 -2.80512 3.13131
56 0 -3.70402 -1.75831
56 1 -3.86009 -3.47316
56 2 -3.88557 -3.39248
56 3 -3.88557 -3.39248
56 4 -3.88576 -3.39221
56 5 -3.88653 -3.3911
56 6 -3.88673 -3.39081
56 7 -3.88673 -3.39081
56 8 -3.88674 -3.39079
56 9 -3.88674 -3.39079
56 10 -3.88685 -3.39063
56 11 -3.88685 -3.39063
56 12 -3.88685 -3.39063
56 13 -3.88685 -3.39063
56 14 -3.88685 -3.39063
57 0 2.92711 -2.34274
57 1 3.51836 -2.36879
57 2 3.62888 -2.20171
57 3 3.70464 -2.10753
57 4 3.70464 -2.10753
57 5 3.70464 -2.10753
57 6 3.70464 -2.10753
57 7 3.70464 -2.10753
57 8 3.70464 -2.10753
57 9 3.70464 -2.10753
57 10 3.70464 -2.10753
57 11 3.70464 -2.10753
57 12 3.70464 -2.10753
57 13 3.70464 -2.10753
57 14 3.70464 -2.10753
58 0 -3.25634 -2.59142
58 1 -3.68815 -3.11129
58 2 -3.68815 -3.11129
58 3 -3.68815 -3.11129
58 4 -3.68815 -3.11129
58 5 -3.68815 -3.11129
58 6 -3.68815 -3.11129
58 7 -3.68815 -3.11129
58 8 -3.68815 -3.11129
58 9 -3.68815 -3.11129
58 10 -3.68815 -3.11129
58 11 -3.68815 -3.11129
58 12 -3.68815 -3.11129
58 13 -3.68815 -3.11129
58 14 -3.68815 -3.11129
59 0 -2.87527 2.98323
59 1 -2.80043 2.98218
59 2 -2.80402 3.06354
59 3 -2.807 3.13636
59 4 -2.80499 3.13115
59 5 -2.80517 3.1313
59 6 -2.80511 3.13131
59 7 -2.80512 3.13131
59 8 -2.80512 3.13131
59 9 -2.80512 3.13131
59 10 -2.80512 3.13131
59 11 -2.80512 3.13131
59 12 -2.80512 3.13131
59 13 0 0
59 14 0 0
60 0 -3.15854 -0.195975
60 1 -3.13648 -3.22153
60 2 -3.13648 -3.22153
60 3 -3.13648 -3.22153
60 4 -3.13648 -3.22153
60 5 -3.13648 -3.22153
60 6 -3.149 -3.26656
60 7 -3.49694 -3.43593
60 8 -3.84125 -3.44483
60 9 -3.76573 -3.29423
60 10 -3.7713 -3.28755
60 11 -3.77955 -3.28436
60 12 -3.77932 -3.28314
60 13 -3.77931 -3.28319
60 14 -3.77931 -3.28319
61 0 -1.22033 -2.00196
61 1 -3.43769 -1.87883
61 2 -3.63662 -1.94196
61 3 -4.03422 -2.52315
61 4 -4.03422 -2.52315
61 5 -3.83878 -3.48484
61 6 -3.84025 -3.33935
61 7 -3.79451 -3.25525
61 8 -3.79834 -3.27633
61 9 -3.77586 -3.28275
61 10 -3.77875 -3.28194
61 11 -3.7792 -3.28321
61 12 -3.77927 -3.28319
61 13 -3.7793 -3.28317
61 14 -3.77931 -3.28319
62 0 -2.94349 -0.270635
62 1 -2.98834 -3.33996
62 2 -2.98834 -3.33996
62 3 -2.98834 -3.33996
62 4 -2.98834 -3.33996
62 5 -2.98834 -3.33996
62 6 -3.45694 -3.45412
62 7 -3.70216 -3.36207
62 8 -3.76351 -3.24264
62 9 -3.77965 -3.28166
62 10 -3.77967 -3.28313
62 11 -3.77935 -3.28312
62 12 -3.77931 -3.2832
62 13 -3.77931 -3.28319
62 14 -3.77931 -3.28319
63 0 -2.99124 2.69366
63 1 -2.69626 2.80004
63 2 -2.79047 3.06869
63 3 -2.81725 3.12883
63 4 -2.81725 3.12883
63 5 -2.81049 3.13084
63 6 -2.80564 3.13306
63 7 -2.80569 3.13205
63 8 -2.80524 3.13132
63 9 -2.8051 3.13131
63 10 -2.80512 3.13131
63 11 -2.80512 3.13131
63 12 -2.80512 3.13131
63 13 -2.80512 3.13131
63 14 0 0
64 0 2.34336 1.63075
64 1 3.27252 0.92197
64 2 3.0619 1.09437
64 3 3.62974 -0.947348
64 4 3.55162 -1.87217
64 5 3.55162 -1.87217
64 6 3.58596 -1.866
64 7 3.58615 -1.85127
64 8 3.58458 -1.84734
64 9 3.58455 -1.84797
64 10 3.58449 -1.8479
64 11 3.58446 -1.84821
64 12 3.58446 -1.84815
64 13 3.58444 -1.84812
64 14 3.58443 -1.84815
65 0 -2.59029 3.61467
65 1 -3.05089 3.51889
65 2 -2.66986 3.13595
65 3 -2.66986 3.13595
65 4 -2.66986 3.13595
65 5 -2.66986 3.13595
65 6 -2.66986 3.13595
65 7 -2.66986 3.13595
65 8 -2.66986 3.13595
65 9 -2.66986 3.13595
65 10 -2.66986 3.13595
65 11 -2.66986 3.13595
65 12 -2.66986 3.13595
65 13 -2.66986 3.13595
65 14 -2.66986 3.13595
66 0 3.41785 -1.62456
66 1 3.64138 -1.71718
66 2 3.64138 -1.71718
66 3 3.64138 -1.71718
66 4 3.65269 -1.80668
66 5 3.65269 -1.80668
66 6 3.65349 -1.81062
66 7 3.65349 -1.81062
66 8 3.65481 -1.81793
66 9 3.65481 -1.81793
66 10 3.65481 -1.81793
66 11 3.65481 -1.81793
66 12 3.65481 -1.81793
66 13 3.65481 -1.81793
66 14 3.65481 -1.81793
67 0 -3.01893 3.0322
67 1 -3.01686 3.13297
67 2 -2.98291 3.05783
67 3 -2.8538 3.02408
67 4 -2.81279 3.0953
67 5 -2.79109 3.12546
67 6 -2.79357 3.1246
67 7 -2.80298 3.12483
67 8 -2.80511 3.12914
67 9 -2.80533 3.13106
67 10 -2.80509 3.13131
67 11 -2.8051 3.1313
67 12 -2.8051 3.1313
67 13 -2.8051 3.1313
67 14 -2.8051 3.1313
68 0 -1.99405 2.5888
68 1 -1.99438 3.22529
68 2 -3.0254 3.29106
68 3 -2.85886 3.18442
68 4 -2.81721 3.12178
68 5 -2.80075 3.13064
68 6 -2.80334 3.12904
68 7 -2.80357 3.12938
68 8 -2.80509 3.13093
68 9 -2.80505 3.13126
68 10 -2.80512 3.13131
68 11 -2.80512 3.13131
68 12 -2.80512 3.13131
68 13 -2.80512 3.13131
68 14 -2.80512 3.13131
69 0 2.62255 2.08709
69 1 2.61921 2.14607
69 2 2.61921 2.14607
69 3 2.61786 2.16851
69 4 2.61786 2.16851
69 5 2.61786 2.16851
69 6 2.61786 2.16851
69 7 2.61786 2.16851
69 8 2.97707 1.98835
69 9 3.0064 1.98927
69 10 3.00282 1.9946
69 11 2.99989 1.99961
69 12 2.99988 2.00002
69 13 2.99988 2.00002
69 14 2.99988 2.00002
70 0 3.35699 -1.48478
70 1 3.48071 -1.85966
70 2 3.48335 -1.80703
70 3 3.48787 -1.86565
70 4 3.57094 -1.88912
70 5 3.58447 -1.83682
70 6 3.58185 -1.84257
70 7 3.58177 -1.8429
70 8 3.58278 -1.84681
70 9 3.58426 -1.84674
70 10 3.58433 -1.84805
70 11 3.58443 -1.84814
70 12 3.58443 -1.84813
70 13 3.58443 -1.84813
70 14 3.58443 -1.84813
71 0 3.66807 1.41129
71 1 3.45115 0.61745
71 2 3.44965 1.45702
71 3 3.43874 -1.22042
71 4 3.43874 -1.22042
71 5 3.43911 -1.98054
71 6 3.43941 -1.75293
71 7 3.43996 -1.84208
71 8 3.4411 -1.80012
71 9 3.4453 -1.85323
71 10 3.59787 -1.90373
71 11 3.58248 -1.82866
71 12 3.58629 -1.84667
71 13 3.58609 -1.84968
71 14 3.58615 -1.84912
72 0 -3.99192 -3.3775
72 1 -3.84357 -3.37579
72 2 -3.7945 -3.32225
72 3 -3.76995 -3.29737
72 4 -3.76995 -3.29737
72 5 -3.76995 -3.29737
72 6 -3.76995 -3.29737
72 7 -3.76995 -3.29737
72 8 -3.76995 -3.29737
72 9 -3.76995 -3.29737
72 10 -3.76995 -3.29737
72 11 -3.76995 -3.29737
72 12 -3.76995 -3.29737
72 13 -3.76995 -3.29737
72 14 -3.76995 -3.29737
73 0 -2.78366 3.23341
73 1 -2.80585 3.23415
73 2 -2.80702 3.15922
73 3 -2.80615 3.13264
73 4 -2.80507 3.13133
73 5 -2.80512 3.13132
73 6 -2.80512 3.13131
73 7 -2.80512 3.13131
73 8 -2.80512 3.13131
73 9 -2.80512 3.13131
73 10 -2.80512 3.13131
73 11 -2.80512 3.13131
73 12 -2.80512 3.13131
73 13 0 0
73 14 0 0
74 0 3.45424 -2.05135
74 1 3.49999 -1.79347
74 2 3.51947 -1.89754
74 3 3.53953 -1.93628
74 4 3.53953 -1.93628
74 5 3.53953 -1.93628
74 6 3.53953 -1.93628
74 7 3.53953 -1.93628
74 8 3.53953 -1.93628
74 9 3.53953 -1.93628
74 10 3.53953 -1.93628
74 11 3.53953 -1.93628
74 12 3.53953 -1.93628
74 13 3.53953 -1.93628
74 14 3.53953 -1.93628
75 0 -1.36617 -1.9612
75 1 -3.77069 -1.8575
75 2 -3.34074 -2.06218
75 3 -3.3537 -2.69848
75 4 -3.45524 -3.32673
75 5 -3.66934 -3.46269
75 6 -3.73235 -3.41142
75 7 -3.76273 -3.29481
75 8 -3.77845 -3.29406
75 9 -3.77981 -3.28407
75 10 -3.77949 -3.28329
75 11 -3.77934 -3.28319
75 12 -3.77932 -3.28317
75 13 -3.77931 -3.28317
75 14 -3.77931 -3.28318
76 0 -1.38989 2.77579
76 1 -1.38989 2.77579
76 2 -4.16852 -3.5346
76 3 -3.95069 -3.06401
76 4 -3.67585 -3.06838
76 5 -3.74159 -3.24127
76 6 -3.78642 -3.28321
76 7 -3.78184 -3.27878
76 8 -3.782 -3.27898
76 9 -3.78264 -3.28007
76 10 -3.78203 -3.28174
76 11 -3.77984 -3.28177
76 12 -3.77932 -3.28326
76 13 -3.77933 -3.2832
76 14 -3.77931 -3.28318
77 0 -3.00837 -0.224435
77 1 -3.0833 -2.56671
77 2 -3.0833 -2.56671
77 3 -3.0833 -2.56671
77 4 -3.09796 -3.10574
77 5 -3.09855 -3.11371
77 6 -3.13551 -3.25388
77 7 -3.62665 -3.49974
77 8 -3.79057 -3.39734
77 9 -3.76289 -3.2692
77 10 -3.78254 -3.28273
77 11 -3.78001 -3.28122
77 12 -3.77964 -3.28182
77 13 -3.77906 -3.2828
77 14 -3.77927 -3.2832
78 0 -2.98552 2.69708
78 1 -2.77441 2.70371
78 2 -2.7919 2.90797
78 3 -2.82401 3.18748
78 4 -2.7988 3.12596
78 5 -2.80702 3.13071
78 6 -2.80514 3.13093
78 7 -2.80512 3.13127
78 8 -2.80512 3.13131
78 9 -2.80512 3.13131
78 10 -2.80512 3.13131
78 11 -2.80512 3.13131
78 12 -2.80512 3.13131
78 13 -2.80512 3.13131
78 14 0 0
79 0 3.02129 2.01036
79 1 3.02227 1.99488
79 2 3.02227 1.99488
79 3 3.02261 1.99109
79 4 3.02261 1.99109
79 5 3.02261 1.99109
79 6 3.02261 1.99109
79 7 3.01102 1.97968
79 8 3.01129 1.97998
79 9 3.01129 1.97998
79 10 3.01129 1.97998
79 11 3.01129 1.97998
79 12 3.01129 1.97998
79 13 3.01129 1.97998
79 14 3.01129 1.97998
80 0 -2.67783 1.29236
80 1 -2.65491 3.15604
80 2 -2.6537 3.13728
80 3 -2.6537 3.13728
80 4 -2.72307 3.14125
80 5 -2.81215 3.13562
80 6 -2.80479 3.13218
80 7 -2.80521 3.13147
80 8 -2.80525 3.13139
80 9 -2.80522 3.13135
80 10 -2.80512 3.13132
80 11 -2.80512 3.13131
80 12 -2.80512 3.13131
80 13 -2.80512 3.13131
80 14 -2.80512 3.13131
81 0 2.97952 -0.517333
81 1 3.20855 -2.32741
81 2 3.21921 -1.56479
81 3 3.21371 -1.7208
81 4 3.21371 -1.7208
81 5 3.22121 -1.63201
81 6 3.21914 -1.6666
81 7 3.21914 -1.6666
81 8 3.26914 -1.94644
81 9 3.26951 -1.76906
81 10 3.26951 -1.76906
81 11 3.41399 -1.62878
81 12 3.50791 -1.53781
81 13 3.5024 -1.54523
81 14 3.5024 -1.54523
82 0 3.67014 -2.22499
82 1 3.61316 -2.22895
82 2 3.59613 -2.09234
82 3 3.57718 -1.90263
82 4 3.5804 -1.85516
82 5 3.58274 -1.85197
82 6 3.58494 -1.85018
82 7 3.58497 -1.85007
82 8 3.58506 -1.84874
82 9 3.58425 -1.84781
82 10 3.58445 -1.84821
82 11 3.58443 -1.84815
82 12 3.58443 -1.84813
82 13 3.58443 -1.84813
82 14 3.58443 -1.84813
83 0 3.32988 -0.344499
83 1 3.36848 1.10118
83 2 3.3547 2.01362
83 3 3.35163 1.80074
83 4 3.35163 1.80074
83 5 3.34901 1.7056
83 6 3.34686 1.78315
83 7 3.34431 1.72003
83 8 3.34025 1.8282
83 9 3.33515 1.74662
83 10 3.33148 1.81222
83 11 3.31238 1.63973
83 12 3.29394 1.90059
83 13 3.26268 1.73445
83 14 3.2413 1.92712
84 0 0.467821 2.93955
84 1 2.9662 2.60905
84 2 2.9662 2.60905
84 3 2.70277 2.5719
84 4 2.98752 2.48069
84 5 2.92557 2.135
84 6 2.93751 2.07311
84 7 2.99846 2.00504
84 8 3.00034 1.99916
84 9 3.00003 1.99996
84 10 3.00001 1.99999
84 11 3.00001 1.99999
84 12 3.00001 1.99999
84 13 3.00001 1.99999
84 14 3.00001 1.99999
85 0 2.85474 1.17993
85 1 2.89402 2.32852
85 2 2.89108 2.13453
85 3 2.89108 2.13453
85 4 2.90577 2.00356
85 5 2.93717 2.05874
85 6 2.95241 2.04071
85 7 2.99971 1.99882
85 8 2.99993 1.9989
85 9 3.00037 1.99942
85 10 3.00037 1.99941
85 11 3.00037 1.99941
85 12 3.00008 1.99952
85 13 3.00003 1.99956
85 14 3.00003 1.99956
86 0 0.246932 2.42642
86 1 2.60072 2.23885
86 2 3.05896 2.24409
86 3 3.05896 2.24409
86 4 2.92187 2.23135
86 5 2.9776 2.21089
86 6 2.9776 2.21089
86 7 2.9776 2.21089
86 8 2.9776 2.21089
86 9 2.9776 2.21089
86 10 2.9776 2.21089
86 11 2.9776 2.21089
86 12 2.9776 2.21089
86 13 2.9776 2.21089
86 14 2.9776 2.21089
87 0 2.0707 2.71506
87 1 3.00125 2.53843
87 2 2.89913 2.018
87 3 3.00368 2.00013
87 4 2.99998 1.99966
87 5 3.00009 1.99986
87 6 3.00009 1.99988
87 7 3.00005 1.99997
87 8 2.99999 1.99998
87 9 3 2
87 10 3 2
87 11 3 2
87 12 3 2
87 13 3 2
87 14 3 2
88 0 3.19054 -0.882601
88 1 3.52224 -0.949624
88 2 3.58397 -1.05083
88 3 3.58397 -1.05083
88 4 3.41598 -1.77821
88 5 3.43088 -1.88209
88 6 3.61443 -1.88389
88 7 3.58445 -1.85174
88 8 3.58424 -1.84846
88 9 3.58429 -1.84814
88 10 3.58431 -1.84821
88 11 3.58439 -1.84807
88 12 3.58439 -1.84807
88 13 3.58443 -1.84809
88 14 3.58443 -1.84809
89 0 -4.30983 -2.47229
89 1 -4.30577 -3.4504
89 2 -4.3049 -3.42188
89 3 -4.29794 -3.35926
89 4 -4.08811 -3.08813
89 5 -4.00164 -3.06233
89 6 -3.80651 -3.15201
89 7 -3.77795 -3.24339
89 8 -3.76695 -3.27718
89 9 -3.776 -3.28439
89 10 -3.77807 -3.28588
89 11 -3.77845 -3.28552
89 12 -3.77918 -3.28375
89 13 -3.7795 -3.28333
89 14 -3.77933 -3.28316
90 0 -3.15607 -0.193626
90 1 -3.1348 -3.14961
90 2 -3.1348 -3.14961
90 3 -3.1348 -3.14961
90 4 -3.1348 -3.14961
90 5 -3.1348 -3.14961
90 6 -3.1348 -3.14961
90 7 -3.22469 -3.37126
90 8 -3.46999 -3.33676
90 9 -3.76941 -3.15564
90 10 -3.80118 -3.28573
90 11 -3.77157 -3.28311
90 12 -3.77889 -3.28087
90 13 -3.77926 -3.28344
90 14 -3.77935 -3.2832
91 0 -4.0107 -2.75483
91 1 -4.00947 -3.31605
91 2 -4.00947 -3.31605
91 3 -4.00624 -3.29821
91 4 -3.82812 -3.24075
91 5 -3.78354 -3.27696
91 6 -3.77952 -3.28398
91 7 -3.7795 -3.28319
91 8 -3.77932 -3.28313
91 9 -3.77931 -3.28318
91 10 -3.77931 -3.28318
91 11 -3.77931 -3.28319
91 12 -3.77931 -3.28319
91 13 -3.77931 -3.28319
91 14 -3.77931 -3.28319
92 0 2.14426 2.10141
92 1 3.18865 1.90288
92 2 3.07289 1.87895
92 3 3.04971 1.90103
92 4 3.00019 1.95919
92 5 2.99202 1.9813
92 6 2.98523 2.00057
92 7 2.98523 2.00057
92 8 2.98523 2.00057
92 9 2.98523 2.00057
92 10 2.98523 2.00057
92 11 2.98523 2.00057
92 12 2.98523 2.00057
92 13 2.98523 2.00057
92 14 2.98523 2.00057
93 0 3.62162 -2.27964
93 1 3.62128 -1.92425
93 2 3.61366 -1.83128
93 3 3.58329 -1.81931
93 4 3.58527 -1.85295
93 5 3.58462 -1.84797
93 6 3.58453 -1.84825
93 7 3.58453 -1.8481
93 8 3.58442 -1.84813
93 9 3.58443 -1.84812
93 10 3.58443 -1.84812
93 11 3.58443 -1.84813
93 12 3.58443 -1.84813
93 13 3.58443 -1.84813
93 14 3.58443 -1.84813
94 0 -2.9834 3.03022
94 1 -2.76672 3.15533
94 2 -2.7638 3.15049
94 3 -2.7638 3.15049
94 4 -2.7638 3.15049
94 5 -2.7638 3.15049
94 6 -2.7638 3.15049
94 7 -2.7638 3.15049
94 8 -2.7638 3.15049
94 9 -2.7638 3.15049
94 10 -2.7638 3.15049
94 11 -2.7638 3.15049
94 12 -2.7638 3.15049
94 13 -2.7638 3.15049
94 14 -2.7638 3.15049
95 0 3.3568 -1.49788
95 1 3.3568 -1.49788
95 2 3.42397 -2.02183
95 3 3.43383 -1.83298
95 4 3.4342 -1.8404
95 5 3.48218 -1.83591
95 6 3.5888 -1.81186
95 7 3.58073 -1.84257
95 8 3.58191 -1.8485
95 9 3.58388 -1.84793
95 10 3.58438 -1.84778
95 11 3.58439 -1.84796
95 12 3.58443 -1.84813
95 13 3.58443 -1.84813
95 14 3.58443 -1.84813
96 0 3.4643 -1.04295
96 1 3.46726 -2.03608
96 2 3.46726 -2.03608
96 3 3.51138 -1.74909
96 4 3.52407 -1.85347
96 5 3.59119 -1.85216
96 6 3.58453 -1.84968
96 7 3.58439 -1.84759
96 8 3.58443 -1.84813
96 9 3.58443 -1.84813
96 10 3.58443 -1.84813
96 11 3.58443 -1.84813
96 12 3.58443 -1.84813
96 13 3.58443 -1.84813
96 14 3.58443 -1.84813
97 0 2.84875 2.40077
97 1 2.85594 2.11711
97 2 2.85939 2.05734
97 3 2.86357 2.08848
97 4 2.87368 2.02449
97 5 2.94 2.10525
97 6 2.93641 2.09639
97 7 2.93658 2.07371
97 8 2.98197 2.00965
97 9 3.00175 2.00417
97 10 3.0006 2.00106
97 11 2.99995 2.00094
97 12 2.99984 2.00058
97 13 2.99974 2.00029
97 14 2.99979 2.00021
98 0 -3.90539 -3.11683
98 1 -3.90368 -3.34486
98 2 -3.90251 -3.31484
98 3 -3.9001 -3.29775
98 4 -3.82833 -3.22651
98 5 -3.82041 -3.21869
98 6 -3.8198 -3.21836
98 7 -3.78713 -3.23289
98 8 -3.7817 -3.27018
98 9 -3.77431 -3.28158
98 10 -3.77886 -3.28386
98 11 -3.77922 -3.28354
98 12 -3.77931 -3.28321
98 13 -3.77932 -3.28319
98 14 -3.77931 -3.28318
99 0 -2.06455 -2.79511
99 1 -3.72645 -2.92626
99 2 -3.77768 -2.9443
99 3 -3.80916 -3.19065
99 4 -3.74121 -3.29406
99 5 -3.79174 -3.29996
99 6 -3.77992 -3.28289
99 7 -3.77975 -3.28285
99 8 -3.77933 -3.28313
99 9 -3.77931 -3.28318
99 10 -3.77931 -3.28318
99 11 -3.77931 -3.28319
99 12 -3.77931 -3.28319
99 13 -3.77931 -3.28319
99 14 -3.77931 -3.28319
100 0 3.49021 -0.317294
100 1 3.47396 -2.19475
100 2 3.47396 -2.19475
100 3 3.51988 -1.84276
100 4 3.53854 -1.90154
100 5 3.57162 -1.91678
100 6 3.5806 -1.84291
100 7 3.58193 -1.8508
100 8 3.58421 -1.84725
100 9 3.58421 -1.84725
100 10 3.58422 -1.8473
100 11 3.58452 -1.84795
100 12 3.5845 -1.84814
100 13 3.5845 -1.84814
100 14 3.5845 -1.84814
101 0 -3.99155 -2.49793
101 1 -4.00537 -3.13667
101 2 -4.00537 -3.13667
101 3 -3.87106 -3.05206
101 4 -3.82768 -3.14111
101 5 -3.74312 -3.24669
101 6 -3.77064 -3.30199
101 7 -3.7681 -3.28503
101 8 -3.78212 -3.28379
101 9 -3.7796 -3.2842
101 10 -3.77935 -3.28321
101 11 -3.77931 -3.28319
101 12 -3.77931 -3.28318
101 13 -3.77931 -3.28319
101 14 -3.77931 -3.28319
102 0 -1.66043 3.08242
102 1 -3.10116 3.16849
102 2 -2.8258 3.1432
102 3 -2.80832 3.13706
102 4 -2.80612 3.13511
102 5 -2.80584 3.13353
102 6 -2.80464 3.13125
102 7 -2.80499 3.1313
102 8 -2.80512 3.13132
102 9 -2.80512 3.13132
102 10 -2.80512 3.13131
102 11 -2.80512 3.13131
102 12 -2.80512 3.13131
102 13 -2.80512 3.13131
102 14 -2.80512 3.13131
103 0 -4.06043 -3.02094
103 1 -3.59052 -3.06351
103 2 -3.72416 -3.0711
103 3 -3.78974 -3.13394
103 4 -3.83969 -3.18535
103 5 -3.83969 -3.18535
103 6 -3.83969 -3.18535
103 7 -3.83969 -3.18535
103 8 -3.83969 -3.18535
103 9 -3.83969 -3.18535
103 10 -3.83969 -3.18535
103 11 -3.83969 -3.18535
103 12 -3.83969 -3.18535
103 13 -3.83969 -3.18535
103 14 -3.83969 -3.18535
104 0 -0.971895 3.10856
104 1 -3.30523 3.14891
104 2 -2.62746 3.13249
104 3 -2.76444 3.13275
104 4 -2.80917 3.1315
104 5 -2.80504 3.13154
104 6 -2.80512 3.13139
104 7 -2.80515 3.13133
104 8 -2.80515 3.13133
104 9 -2.80512 3.13131
104 10 -2.80512 3.13131
104 11 -2.80512 3.13131
104 12 -2.80512 3.13131
104 13 -2.80512 3.13131
104 14 -2.80512 3.13131
105 0 3.36083 -2.3466
105 1 3.63951 -1.89633
105 2 3.61186 -1.835
105 3 3.60845 -1.82428
105 4 3.60845 -1.82428
105 5 3.6084 -1.82412
105 6 3.6084 -1.82412
105 7 3.6084 -1.82412
105 8 3.6084 -1.82412
105 9 3.6084 -1.82412
105 10 3.6084 -1.82412
105 11 3.6084 -1.82412
105 12 3.6084 -1.82412
105 13 3.6084 -1.82412
105 14 3.6084 -1.82412
106 0 3.27526 -1.54236
106 1 3.45433 -2.08972
106 2 3.46286 -1.88653
106 3 3.46286 -1.88653
106 4 3.52307 -1.96878
106 5 3.54609 -1.98854
106 6 3.56371 -1.91933
106 7 3.58504 -1.87311
106 8 3.59237 -1.86394
106 9 3.59208 -1.86439
106 10 3.5919 -1.86424
106 11 3.58452 -1.8555
106 12 3.58335 -1.85089
106 13 3.58305 -1.84748
106 14 3.58305 -1.84748
107 0 4.23996 1.62962
107 1 3.24148 2.47569
107 2 3.24148 2.47569
107 3 3.19857 1.96386
107 4 3.19857 1.96386
107 5 3.07276 1.89987
107 6 3.04864 1.90479
107 7 3.00826 1.94726
107 8 2.99444 1.97986
107 9 2.98885 2.00127
107 10 2.98885 2.00127
107 11 2.98885 2.00127
107 12 2.98885 2.00127
107 13 2.98885 2.00127
107 14 2.98885 2.00127
108 0 2.72248 2.58792
108 1 3.06495 2.4338
108 2 3.06495 2.4338
108 3 2.92147 2.25249
108 4 2.87313 2.20321
108 5 2.87098 2.20115
108 6 2.87121 2.20074
108 7 3.00222 2.04239
108 8 3.00057 2.00084
108 9 3.00016 2.00057
108 10 2.99986 2.00018
108 11 2.99987 2.0002
108 12 2.99988 2.00021
108 13 2.99989 2.00021
108 14 2.99997 2.00018
109 0 3.37212 0.166227
109 1 3.37195 1.33838
109 2 3.37195 1.33838
109 3 3.37195 1.33838
109 4 3.37195 1.33838
109 5 3.37195 1.33838
109 6 3.37195 1.33838
109 7 3.37195 1.33838
109 8 3.37195 1.33838
109 9 3.37195 1.33838
109 10 3.37193 -1.24217
109 11 3.37193 -1.24217
109 12 3.37193 -1.24217
109 13 3.37193 -1.24217
109 14 3.37193 -1.24217
110 0 3.17002 -1.91693
110 1 3.21014 -1.59605
110 2 3.21757 -1.77512
110 3 3.39988 -1.37715
110 4 3.42128 -1.74918
110 5 3.58837 -1.81987
110 6 3.58688 -1.85285
110 7 3.58631 -1.84775
110 8 3.58471 -1.84803
110 9 3.58443 -1.84823
110 10 3.58445 -1.84819
110 11 3.58446 -1.84818
110 12 3.58445 -1.84818
110 13 3.58443 -1.84815
110 14 3.58442 -1.84814
111 0 3.52629 -1.91979
111 1 3.58181 -1.89727
111 2 3.57299 -1.84349
111 3 3.57299 -1.84349
111 4 3.57299 -1.84349
111 5 3.57299 -1.84349
111 6 3.58375 -1.84786
111 7 3.58443 -1.84825
111 8 3.58443 -1.84816
111 9 3.58443 -1.84813
111 10 3.58443 -1.84813
111 11 3.58443 -1.84813
111 12 3.58443 -1.84813
111 13 3.58443 -1.84813
111 14 3.58443 -1.84813
112 0 -2.73853 1.89548
112 1 -2.73742 3.24881
112 2 -2.75691 3.10794
112 3 -2.77646 3.13444
112 4 -2.79967 3.13464
112 5 -2.80519 3.13168
112 6 -2.80528 3.13148
112 7 -2.80527 3.13136
112 8 -2.80512 3.13131
112 9 -2.80512 3.13131
112 10 -2.80512 3.13131
112 11 -2.80512 3.13131
112 12 -2.80512 3.13131
112 13 -2.80512 3.13131
112 14 -2.80512 3.13131
113 0 -3.32177 4.06579
113 1 -2.55445 3.80978
113 2 -3.16908 3.07155
113 3 -2.91216 2.98387
113 4 -2.89264 2.97373
113 5 -2.89264 2.97373
113 6 -2.89264 2.97373
113 7 -2.89264 2.97373
113 8 -2.89264 2.97373
113 9 -2.89264 2.97373
113 10 -2.89264 2.97373
113 11 -2.89264 2.97373
113 12 -2.89264 2.97373
113 13 -2.89264 2.97373
113 14 -2.89264 2.97373
114 0 3.77095 -1.42581
114 1 3.58409 -1.33527
114 2 3.58409 -1.33527
114 3 3.53759 -1.7472
114 4 3.54194 -1.85561
114 5 3.57761 -1.84294
114 6 3.58338 -1.84253
114 7 3.58409 -1.84622
114 8 3.58461 -1.84793
114 9 3.58457 -1.84828
114 10 3.58458 -1.84816
114 11 3.58455 -1.84816
114 12 3.58443 -1.84814
114 13 3.58443 -1.84812
114 14 3.58443 -1.84813
115 0 3.44306 -0.115291
115 1 3.42968 -1.31952
115 2 3.42968 -1.31952
115 3 3.42988 -1.78653
115 4 3.42988 -1.78653
115 5 3.43009 -1.81193
115 6 3.43099 -1.7905
115 7 3.43723 -1.86306
115 8 3.56982 -1.89258
115 9 3.58543 -1.83549
115 10 3.58181 -1.84049
115 11 3.58181 -1.84049
115 12 3.58181 -1.84049
115 13 3.58181 -1.84049
115 14 3.58181 -1.84049
116 0 3.76117 -1.98636
116 1 3.76117 -1.98636
116 2 3.70561 -2.07198
116 3 3.6976 -2.0261
116 4 3.52505 -1.84624
116 5 3.57668 -1.83818
116 6 3.58347 -1.84434
116 7 3.58407 -1.84705
116 8 3.58444 -1.84745
116 9 3.5845 -1.84822
116 10 3.5845 -1.84815
116 11 3.5845 -1.84815
116 12 3.5845 -1.84815
116 13 3.5845 -1.84815
116 14 3.5845 -1.84815
117 0 -3.78853 -3.31396
117 1 -3.78835 -3.29259
117 2 -3.78758 -3.28382
117 3 -3.78671 -3.28175
117 4 -3.78041 -3.28631
117 5 -3.77876 -3.28375
117 6 -3.77883 -3.28358
117 7 -3.77964 -3.28348
117 8 -3.77935 -3.28331
117 9 -3.7793 -3.28322
117 10 -3.77929 -3.2832
117 11 -3.7793 -3.28319
117 12 -3.77931 -3.28319
117 13 -3.77931 -3.28319
117 14 -3.77931 -3.28319
118 0 -3.0293 2.3248
118 1 -3.02073 3.16125
118 2 -2.83232 3.18203
118 3 -2.8087 3.11053
118 4 -2.80821 3.13071
118 5 -2.80544 3.13133
118 6 -2.80514 3.1314
118 7 -2.80512 3.13133
118 8 -2.80512 3.13131
118 9 -2.80512 3.13131
118 10 -2.80512 3.13131
118 11 -2.80512 3.13131
118 12 -2.80512 3.13131
118 13 -2.80512 3.13131
118 14 -2.80512 3.13131
119 0 3.94146 0.425207
119 1 3.46985 -0.303545
119 2 3.38689 1.74915
119 3 3.38689 1.74915
119 4 3.38647 1.71572
119 5 3.38609 1.74502
119 6 3.38525 1.69554
119 7 3.38451 1.73993
119 8 3.38368 1.702
119 9 3.38223 1.7715
119 10 3.38054 1.71417
119 11 3.37913 1.7648
119 12 3.37579 1.68538
119 13 3.37323 1.75744
119 14 3.36675 1.64583
120 0 3.62544 -1.7757
120 1 3.62337 -1.84308
120 2 3.62337 -1.84308
120 3 3.60813 -1.87654
120 4 3.60037 -1.84355
120 5 3.58803 -1.84161
120 6 3.58432 -1.8484
120 7 3.58446 -1.84832
120 8 3.58446 -1.8483
120 9 3.58442 -1.84813
120 10 3.58443 -1.84812
120 11 3.58443 -1.84812
120 12 3.58443 -1.84812
120 13 3.58443 -1.84812
120 14 3.58443 -1.84812
121 0 4.6176 -1.44859
121 1 4.48003 -2.64022
121 2 4.45995 -1.75214
121 3 4.2234 -2.48669
121 4 4.04283 -1.3402
121 5 3.67691 -1.2768
121 6 3.58003 -1.59961
121 7 3.50868 -1.73247
121 8 3.52342 -1.71756
121 9 3.53986 -1.70071
121 10 3.53986 -1.70071
121 11 3.53986 -1.70071
121 12 3.53986 -1.70071
121 13 3.53986 -1.70071
121 14 3.53986 -1.70071
122 0 2.95231 2.4141
122 1 2.95231 2.4141
122 2 2.95231 2.4141
122 3 2.93254 2.06492
122 4 2.97846 2.01602
122 5 3.0005 1.99968
122 6 3 2.00002
122 7 3 1.99999
122 8 3 2
122 9 3 2
122 10 3 2
122 11 3 2
122 12 3 2
122 13 3 2
122 14 3 2
123 0 0.445647 -1.57998
123 1 4.11059 -0.939433
123 2 3.51608 -1.21253
123 3 3.50119 -1.33821
123 4 3.46167 -1.76569
123 5 3.50251 -1.93392
123 6 3.59396 -1.917
123 7 3.59142 -1.85733
123 8 3.58353 -1.84744
123 9 3.58441 -1.84785
123 10 3.58443 -1.84814
123 11 3.58443 -1.84813
123 12 3.58443 -1.84813
123 13 3.58443 -1.84813
123 14 3.58443 -1.84813
124 0 3.42324 -1.79078
124 1 3.54087 -1.73498
124 2 3.57603 -1.85231
124 3 3.57576 -1.84983
124 4 3.57576 -1.84983
124 5 3.57808 -1.84174
124 6 3.57803 -1.84677
124 7 3.58256 -1.84465
124 8 3.58373 -1.84545
124 9 3.58453 -1.84767
124 10 3.58454 -1.84802
124 11 3.58454 -1.84802
124 12 3.58454 -1.84802
124 13 3.58454 -1.84802
124 14 3.58454 -1.84802
125 0 3.4043 0.636455
125 1 3.37757 2.09262
125 2 3.37757 2.09262
125 3 3.37215 1.8303
125 4 3.37215 1.8303
125 5 3.36264 1.6416
125 6 3.35669 1.80827
125 7 3.34721 1.69097
125 8 3.34187 1.80884
125 9 3.32289 1.67183
125 10 3.31515 1.8086
125 11 3.27779 1.68319
125 12 3.26172 1.86999
125 13 3.12342 1.76122
125 14 3.1131 1.7722
126 0 -0.29049 -2.23776
126 1 -3.19224 -2.42788
126 2 -3.72107 -2.45303
126 3 -3.72107 -2.45303
126 4 -3.72107 -2.45303
126 5 -3.87665 -2.78019
126 6 -4.00052 -3.06334
126 7 -3.85917 -3.38713
126 8 -3.79129 -3.31556
126 9 -3.77142 -3.29602
126 10 -3.77103 -3.29556
126 11 -3.76967 -3.29387
126 12 -3.76953 -3.29283
126 13 -3.78598 -3.28426
126 14 -3.78015 -3.28472
127 0 -3.61449 -2.23598
127 1 -3.93464 -2.91118
127 2 -3.66705 -3.33132
127 3 -3.77312 -3.22357
127 4 -3.77312 -3.22357
127 5 -3.77312 -3.22357
127 6 -3.77312 -3.22357
127 7 -3.77312 -3.22357
127 8 -3.77312 -3.22357
127 9 -3.77312 -3.22357
127 10 -3.77312 -3.22357
127 11 -3.77312 -3.22357
127 12 -3.77312 -3.22357
127 13 -3.77312 -3.22357
127 14 -3.77312 -3.22357
128 0 3.53272 -2.52913
128 1 3.62732 -1.89517
128 2 3.59077 -1.82739
128 3 3.59077 -1.82739
128 4 3.59077 -1.82739
128 5 3.59077 -1.82739
128 6 3.59077 -1.82739
128 7 3.59077 -1.82739
128 8 3.59077 -1.82739
128 9 3.59077 -1.82739
128 10 3.59077 -1.82739
128 11 3.59077 -1.82739
128 12 3.59077 -1.82739
128 13 3.59077 -1.82739
128 14 3.59077 -1.82739
129 0 2.93043 2.44511
129 1 2.93043 2.44511
129 2 2.75654 2.328
129 3 2.74888 2.31325
129 4 2.74728 2.26516
129 5 2.87385 2.09135
129 6 3.01599 2.01873
129 7 2.9982 2.00214
129 8 2.99859 2.00249
129 9 2.99861 2.0025
129 10 2.99958 2.00214
129 11 2.99988 2.00202
129 12 2.99988 2.00202
129 13 2.99988 2.00202
129 14 2.99988 2.00202
130 0 -2.84687 1.81449
130 1 -2.84396 3.13074
130 2 -2.84108 3.14069
130 3 -2.82824 3.11949
130 4 -2.80905 3.12513
130 5 -2.80484 3.1313
130 6 -2.80495 3.13122
130 7 -2.80501 3.13119
130 8 -2.80504 3.1312
130 9 -2.80508 3.13127
130 10 -2.80513 3.13131
130 11 -2.80512 3.13131
130 12 -2.80512 3.13131
130 13 -2.80512 3.13131
130 14 -2.80512 3.13131
131 0 -3.66938 -2.85613
131 1 -3.68728 -3.37546
131 2 -3.68728 -3.37546
131 3 -3.78846 -3.33756
131 4 -3.7773 -3.28105
131 5 -3.77941 -3.28314
131 6 -3.77937 -3.2831
131 7 -3.77937 -3.2831
131 8 -3.77935 -3.28317
131 9 -3.77932 -3.28317
131 10 -3.77931 -3.28319
131 11 -3.77931 -3.28319
131 12 -3.77931 -3.28319
131 13 -3.77931 -3.28319
131 14 -3.77931 -3.28319
132 0 3.50473 -2.48791
132 1 3.5165 -1.84399
132 2 3.52729 -1.89384
132 3 3.53708 -1.91447
132 4 3.53708 -1.91447
132 5 3.53708 -1.91447
132 6 3.53708 -1.91447
132 7 3.53708 -1.91447
132 8 3.53708 -1.91447
132 9 3.53708 -1.91447
132 10 3.53708 -1.91447
132 11 3.53708 -1.91447
132 12 3.53708 -1.91447
132 13 3.53708 -1.91447
132 14 3.53708 -1.91447
133 0 2.56874 -0.107817
133 1 -2.43143 3.51244
133 2 -2.43143 3.51244
133 3 -2.81551 3.47887
133 4 -2.77155 3.15194
133 5 -2.80347 3.13482
133 6 -2.8059 3.1319
133 7 -2.8059 3.13185
133 8 -2.80519 3.13131
133 9 -2.80512 3.1313
133 10 -2.80512 3.13131
133 11 -2.80512 3.13131
133 12 -2.80512 3.13131
133 13 -2.80512 3.13131
133 14 -2.80512 3.13131
134 0 3.55202 -1.19122
134 1 3.54659 -1.92165
134 2 3.54659 -1.92165
134 3 3.56614 -1.84444
134 4 3.57143 -1.86001
134 5 3.58695 -1.85257
134 6 3.5854 -1.85172
134 7 3.58433 -1.84913
134 8 3.5842 -1.84791
134 9 3.5842 -1.84802
134 10 3.5842 -1.84802
134 11 3.5842 -1.84802
134 12 3.5842 -1.84802
134 13 3.5842 -1.84802
134 14 3.5842 -1.84802
135 0 3.48518 -2.09971
135 1 3.58559 -2.03953
135 2 3.5619 -1.90739
135 3 3.55272 -1.88692
135 4 3.54875 -1.87268
135 5 3.54875 -1.87268
135 6 3.54875 -1.87268
135 7 3.54875 -1.87268
135 8 3.54875 -1.87268
135 9 3.54875 -1.87268
135 10 3.54875 -1.87268
135 11 3.54875 -1.87268
135 12 3.54875 -1.87268
135 13 3.54875 -1.87268
135 14 3.54875 -1.87268
136 0 3.18341 3.2249
136 1 3.14319 3.24288
136 2 3.14319 3.24288
136 3 2.46554 3.22155
136 4 2.94695 2.60389
136 5 2.96204 2.31308
136 6 2.92987 2.10497
136 7 2.94572 2.04916
136 8 3.00336 2.00242
136 9 3.00026 1.99866
136 10 3.00058 1.99891
136 11 3.00055 1.99893
136 12 3.00001 1.99916
136 13 3.00001 1.99916
136 14 3.00001 1.99916
137 0 -2.79968 3.1228
137 1 -2.79961 3.12969
137 2 -2.79967 3.13164
137 3 -2.79995 3.13136
137 4 -2.80236 3.12899
137 5 -2.80236 3.12899
137 6 -2.80236 3.12899
137 7 -2.80236 3.12899
137 8 -2.80236 3.12899
137 9 -2.80236 3.12899
137 10 -2.80236 3.12899
137 11 -2.80236 3.12899
137 12 -2.80236 3.12899
137 13 -2.80236 3.12899
137 14 -2.80236 3.12899
138 0 3.00598 -0.0695399
138 1 3.10153 1.40176
138 2 3.10153 1.40176
138 3 3.10095 1.79715
138 4 3.1011 1.9072
138 5 3.1011 1.9072
138 6 3.10123 1.94857
138 7 3.10126 1.94096
138 8 3.10126 1.94096
138 9 3.10127 1.94021
138 10 3.10127 1.94021
138 11 3.10127 1.94021
138 12 3.10127 1.94021
138 13 3.10127 1.94021
138 14 3.10127 1.94021
139 0 -2.97284 3.19413
139 1 -2.97086 3.10935
139 2 -2.90516 3.21002
139 3 -2.90571 3.17657
139 4 -2.82756 3.13358
139 5 -2.80858 3.12827
139 6 -2.80488 3.13002
139 7 -2.8047 3.13074
139 8 -2.80482 3.13125
139 9 -2.80514 3.13131
139 10 -2.80512 3.13131
139 11 -2.80512 3.13131
139 12 -2.80512 3.13131
139 13 -2.80512 3.13131
139 14 -2.80512 3.13131
140 0 -3.61146 -0.0636488
140 1 -2.88909 -3.31137
140 2 -2.88909 -3.31137
140 3 -2.88909 -3.31137
140 4 -2.88909 -3.31137
140 5 -2.88909 -3.31137
140 6 -2.89235 -3.31995
140 7 -3.2288 -3.45366
140 8 -3.68734 -3.48753
140 9 -3.77697 -3.20259
140 10 -3.75279 -3.26162
140 11 -3.79024 -3.29049
140 12 -3.78 -3.28062
140 13 -3.78056 -3.28121
140 14 -3.78056 -3.28121
141 0 2.07998 2.69785
141 1 2.99672 2.52361
141 2 2.92554 2.04078
141 3 2.99755 2.01112
141 4 2.99996 2.00547
141 5 3.001 2.00026
141 6 3.001 2.00026
141 7 3.001 2.00026
141 8 3.001 2.00026
141 9 3.001 2.00026
141 10 3.001 2.00026
141 11 3.001 2.00026
141 12 3.001 2.00026
141 13 3.001 2.00026
141 14 3.001 2.00026
142 0 -3.55592 -3.36041
142 1 -3.57311 -3.16207
142 2 -3.58358 -3.2415
142 3 -3.66655 -3.35665
142 4 -3.78818 -3.23577
142 5 -3.78549 -3.27631
142 6 -3.7766 -3.27934
142 7 -3.77869 -3.28244
142 8 -3.77933 -3.28314
142 9 -3.77934 -3.28314
142 10 -3.77934 -3.28314
142 11 -3.77934 -3.28317
142 12 -3.77931 -3.28318
142 13 -3.77931 -3.28319
142 14 -3.77931 -3.28319
143 0 -3.34948 -0.343789
143 1 -3.26127 -3.8297
143 2 -3.26127 -3.8297
143 3 -3.26127 -3.8297
143 4 -3.35199 -3.89108
143 5 -3.35199 -3.89108
143 6 -3.67863 -3.15104
143 7 -3.71656 -3.29584
143 8 -3.74148 -3.28251
143 9 -3.77066 -3.27396
143 10 -3.77784 -3.28251
143 11 -3.77892 -3.28357
143 12 -3.779 -3.28365
143 13 -3.779 -3.28366
143 14 -3.77931 -3.28343
144 0 -3.5843 -3.18915
144 1 -3.72803 -3.2668
144 2 -3.72831 -3.27162
144 3 -3.73435 -3.29084
144 4 -3.75066 -3.27938
144 5 -3.77261 -3.27885
144 6 -3.77878 -3.28138
144 7 -3.77936 -3.28305
144 8 -3.77933 -3.28318
144 9 -3.77931 -3.28318
144 10 -3.77931 -3.28319
144 11 -3.77931 -3.28319
144 12 -3.77931 -3.28319
144 13 -3.77931 -3.28319
144 14 -3.77931 -3.28319
145 0 2.54007 2.59065
145 1 2.90573 2.48472
145 2 3.0306 2.42544
145 3 3.0306 2.42544
145 4 3.02082 2.14134
145 5 2.99231 2.04532
145 6 2.9826 2.02378
145 7 2.98307 2.02032
145 8 2.99939 2.00018
145 9 2.99997 2.00026
145 10 2.99995 2.0001
145 11 2.99995 2.00001
145 12 3.00001 2.00001
145 13 3 2
145 14 3 2
146 0 -2.81429 -0.0653743
146 1 -3.70393 3.83888
146 2 -3.70393 3.83888
146 3 -3.48586 3.03045
146 4 -3.14927 2.65263
146 5 -3.14927 2.65263
146 6 -3.14927 2.65263
146 7 -3.14927 2.65263
146 8 -3.14927 2.65263
146 9 -3.14927 2.65263
146 10 -3.16697 2.71239
146 11 -3.27834 3.07047
146 12 -3.27834 3.07047
146 13 -3.27859 3.12683
146 14 -3.27859 3.12683
147 0 -2.50076 1.04009
147 1 -2.50734 3.60434
147 2 -2.5426 3.16094
147 3 -2.65309 3.17015
147 4 -2.83153 3.15365
147 5 -2.80266 3.13964
147 6 -2.806 3.13435
147 7 -2.80718 3.1325
147 8 -2.80695 3.13227
147 9 -2.80547 3.13144
147 10 -2.80517 3.13127
147 11 -2.8051 3.13128
147 12 -2.80512 3.1313
147 13 -2.80512 3.13131
147 14 -2.80512 3.13131
148 0 3.35536 -2.44722
148 1 3.62208 -2.48633
148 2 3.62986 -2.41363
148 3 3.6627 -2.0314
148 4 3.6001 -1.89689
148 5 3.57972 -1.8597
148 6 3.58035 -1.84604
148 7 3.58033 -1.84668
148 8 3.58059 -1.84818
148 9 3.58157 -1.84435
148 10 3.58137 -1.84728
148 11 3.58311 -1.84777
148 12 3.58443 -1.84817
148 13 3.58443 -1.84811
148 14 3.58443 -1.84813
149 0 3.5946 -1.70311
149 1 3.59119 -1.90965
149 2 3.58826 -1.83847
149 3 3.58218 -1.84812
149 4 3.58387 -1.84792
149 5 3.58441 -1.84787
149 6 3.58441 -1.84792
149 7 3.58443 -1.84813
149 8 3.58443 -1.84813
149 9 3.58443 -1.84813
149 10 3.58443 -1.84813
149 11 3.58443 -1.84813
149 12 3.58443 -1.84813
149 13 3.58443 -1.84813
149 14 3.58443 -1.84813
150 0 -3.90758 -3.43257
150 1 -3.89339 -3.44329
150 2 -3.89339 -3.44329
150 3 -3.89339 -3.44329
150 4 -3.89339 -3.44329
150 5 -3.89339 -3.44329
150 6 -3.89339 -3.44329
150 7 -3.89339 -3.44329
150 8 -3.89339 -3.44329
150 9 -3.89339 -3.44329
150 10 -3.89339 -3.44329
150 11 -3.89339 -3.44329
150 12 -3.89339 -3.44329
150 13 -3.89339 -3.44329
150 14 -3.89339 -3.44329
151 0 -3.01662 0.26163
151 1 -3.01421 3.75836
151 2 -2.8946 3.38193
151 3 -2.8946 3.38193
151 4 -2.94197 3.28286
151 5 -2.94185 3.189
151 6 -2.83037 3.13541
151 7 -2.80939 3.1278
151 8 -2.80485 3.1294
151 9 -2.80481 3.13062
151 10 -2.80504 3.13131
151 11 -2.80513 3.13131
151 12 -2.80512 3.13131
151 13 -2.80512 3.13131
151 14 -2.80512 3.13131
152 0 0.381815 2.91549
152 1 2.33017 2.6786
152 2 2.33017 2.6786
152 3 2.7161 2.64689
152 4 2.97999 2.44179
152 5 2.9345 2.38007
152 6 2.82872 2.25457
152 7 2.82116 2.24553
152 8 2.82107 2.24401
152 9 2.89757 2.08268
152 10 3.02377 2.01806
152 11 2.99792 2.00018
152 12 2.99935 2.00166
152 13 2.99915 2.00146
152 14 2.99916 2.00147
153 0 -2.66545 2.80696
153 1 -2.91237 2.87845
153 2 -2.91237 2.87845
153 3 -2.91237 2.87845
153 4 -2.91237 2.87845
153 5 -2.91237 2.87845
153 6 -2.91237 2.87845
153 7 -2.91237 2.87845
153 8 -2.91237 2.87845
153 9 -2.91237 2.87845
153 10 -2.91237 2.87845
153 11 -2.91237 2.87845
153 12 -2.91237 2.87845
153 13 -2.91237 2.87845
153 14 -2.86622 2.93681
154 0 -2.63166 2.674
154 1 -2.56757 3.01555
154 2 -2.862 3.07626
154 3 -2.82504 3.07236
154 4 -2.79845 3.08916
154 5 -2.78492 3.10631
154 6 -2.77916 3.11462
154 7 -2.7806 3.1175
154 8 -2.80745 3.1294
154 9 -2.80494 3.13054
154 10 -2.80487 3.13098
154 11 -2.805 3.1313
154 12 -2.80513 3.13131
154 13 -2.80512 3.13131
154 14 -2.80512 3.13131
155 0 -2.04567 1.69736
155 1 -1.98191 3.64244
155 2 -1.98128 3.49421
155 3 -1.96745 3.16529
155 4 -1.96745 3.16529
155 5 -1.96877 3.17279
155 6 -1.96877 3.17279
155 7 -2.9475 3.14222
155 8 -2.83525 3.14161
155 9 -2.80724 3.1321
155 10 -2.80537 3.13105
155 11 -2.80507 3.13118
155 12 -2.80508 3.13125
155 13 -2.80512 3.13131
155 14 -2.80512 3.13131
156 0 -3.9763 -3.0718
156 1 -3.75029 -3.12854
156 2 -3.75029 -3.12854
156 3 -3.75029 -3.12854
156 4 -3.75029 -3.12854
156 5 -3.75029 -3.12854
156 6 -3.75029 -3.12854
156 7 -3.75029 -3.12854
156 8 -3.75029 -3.12854
156 9 -3.75029 -3.12854
156 10 -3.75029 -3.12854
156 11 -3.75084 -3.14335
156 12 -3.74504 -3.29208
156 13 -3.77721 -3.28544
156 14 -3.77931 -3.28219
157 0 -3.27873 0.210853
157 1 -3.18663 2.93819
157 2 -3.18663 2.93819
157 3 -3.18663 2.93819
157 4 -3.21582 3.10564
157 5 -3.21582 3.10564
157 6 -3.21582 3.10564
157 7 -3.21582 3.10564
157 8 -3.21582 3.10564
157 9 -3.21582 3.10564
157 10 -2.9234 3.08095
157 11 -2.82618 3.1255
157 12 -2.80929 3.13875
157 13 -2.81078 3.1369
157 14 -2.81158 3.13558
158 0 -3.54846 -1.35757
158 1 -3.56753 -4.00108
158 2 -3.56753 -4.00108
158 3 -3.56753 -4.00108
158 4 -3.56753 -4.00108
158 5 -3.7954 -4.02855
158 6 -3.98985 -3.43651
158 7 -3.80839 -3.25874
158 8 -3.80077 -3.25132
158 9 -3.79974 -3.25064
158 10 -3.78808 -3.25304
158 11 -3.78269 -3.27358
158 12 -3.77516 -3.28204
158 13 -3.77892 -3.28279
158 14 -3.7793 -3.28311
159 0 -3.01701 3.18315
159 1 -2.90494 3.2307
159 2 -2.89913 3.14089
159 3 -2.89913 3.14089
159 4 -2.80895 3.12843
159 5 -2.80523 3.13064
159 6 -2.80489 3.13109
159 7 -2.80486 3.13115
159 8 -2.80492 3.13124
159 9 -2.80512 3.1313
159 10 -2.80512 3.13131
159 11 -2.80512 3.13131
159 12 -2.80512 3.13131
159 13 -2.80512 3.13131
159 14 -2.80512 3.13131
160 0 4.31549 -0.856556
160 1 4.1969 -1.96895
160 2 4.19631 -1.94168
160 3 4.08026 -2.43217
160 4 3.92519 -1.5369
160 5 3.5283 -1.2231
160 6 3.60666 -1.6144
160 7 3.64285 -1.89302
160 8 3.64285 -1.89302
160 9 3.64285 -1.89302
160 10 3.64285 -1.89302
160 11 3.64285 -1.89302
160 12 3.63474 -1.91319
160 13 3.63411 -1.86911
160 14 3.58482 -1.85869
161 0 -3.3249 -2.41285
161 1 -3.46364 -3.03478
161 2 -3.84758 -3.22892
161 3 -3.78905 -3.24352
161 4 -3.78639 -3.2743
161 5 -3.77397 -3.27808
161 6 -3.77796 -3.28191
161 7 -3.77929 -3.28324
161 8 -3.77928 -3.28323
161 9 -3.77928 -3.28323
161 10 -3.77928 -3.28323
161 11 -3.77928 -3.28323
161 12 -3.77928 -3.28323
161 13 -3.77928 -3.28323
161 14 -3.77928 -3.28323
162 0 2.62333 2.1452
162 1 2.97871 1.88131
162 2 2.97871 1.88131
162 3 2.99159 1.9931
162 4 2.99159 1.9931
162 5 2.9973 1.99878
162 6 2.99947 2.00096
162 7 2.99946 2.00094
162 8 2.99946 2.00095
162 9 2.99957 2.00094
162 10 2.99988 2.00079
162 11 2.99988 2.00079
162 12 2.99988 2.00079
162 13 2.99988 2.00079
162 14 2.99988 2.00079
163 0 2.48621 2.19732
163 1 2.48621 2.19732
163 2 2.48621 2.19732
163 3 2.48621 2.19732
163 4 2.48621 2.19732
163 5 2.71384 2.32294
163 6 2.80822 2.36034
163 7 2.85876 2.30642
163 8 2.96851 2.13012
163 9 2.99836 2.03437
163 10 3.00011 2.00306
163 11 2.99975 2.00074
163 12 2.99969 2.00027
163 13 2.99979 2.0001
163 14 3 2.00006
164 0 2.37107 1.9993
164 1 2.82896 1.74521
164 2 2.82896 1.74521
164 3 2.82896 1.74521
164 4 2.78806 1.98296
164 5 2.78806 1.98296
164 6 2.82264 2.1275
164 7 2.8623 2.08501
164 8 3.00535 2.01436
164 9 2.99909 2.00031
164 10 2.99943 2.00036
164 11 2.99986 2.00044
164 12 2.99988 2.00033
164 13 3 2
164 14 3 2
165 0 3.58622 1.94775
165 1 3.81478 -1.8956
165 2 3.81478 -1.8956
165 3 3.81478 -1.8956
165 4 3.81478 -1.8956
165 5 3.68314 -2.06565
165 6 3.68314 -2.06565
165 7 3.68314 -2.06565
165 8 3.68314 -2.06565
165 9 3.68314 -2.06565
165 10 3.68314 -2.06565
165 11 3.68314 -2.06565
165 12 3.68314 -2.06565
165 13 3.68314 -2.06565
165 14 3.68314 -2.06565
166 0 3.58799 -1.08376
166 1 3.58591 -2.15541
166 2 3.58591 -2.15541
166 3 3.59666 -1.89175
166 4 3.58737 -1.85323
166 5 3.58315 -1.85021
166 6 3.58412 -1.84691
166 7 3.58398 -1.84788
166 8 3.5843 -1.84786
166 9 3.58441 -1.84804
166 10 3.58444 -1.84815
166 11 3.58443 -1.84815
166 12 3.58443 -1.84813
166 13 3.58443 -1.84813
166 14 3.58443 -1.84813
167 0 1.45308 2.45474
167 1 2.04418 2.85851
167 2 2.04418 2.85851
167 3 2.04418 2.85851
167 4 2.58664 2.87954
167 5 2.58664 2.87954
167 6 2.60868 2.88267
167 7 2.60868 2.88267
167 8 2.60868 2.88267
167 9 3.09405 2.27255
167 10 2.95894 2.25
167 11 2.95124 2.12438
167 12 2.95424 2.03989
167 13 2.98137 2.00467
167 14 2.99902 2.00515
168 0 2.70595 2.37038
168 1 2.70595 2.37038
168 2 2.82157 2.06248
168 3 3.01029 2.05197
168 4 2.98811 1.99712
168 5 2.99603 1.99906
168 6 2.99946 2.0013
168 7 2.99941 2.00115
168 8 2.99935 2.0007
168 9 2.99965 2.00022
168 10 3.00004 2.00008
168 11 2.99999 1.99996
168 12 3.00001 1.99997
168 13 3.00001 1.99998
168 14 3.00001 1.99998
169 0 -3.48812 -1.94049
169 1 -3.44203 -3.2302
169 2 -3.44203 -3.2302
169 3 -3.44203 -3.2302
169 4 -3.44203 -3.2302
169 5 -3.44203 -3.2302
169 6 -3.44203 -3.2302
169 7 -3.44203 -3.2302
169 8 -3.44203 -3.2302
169 9 -3.44203 -3.2302
169 10 -3.44203 -3.2302
169 11 -3.44203 -3.2302
169 12 -3.44203 -3.2302
169 13 -3.44203 -3.2302
169 14 -3.44203 -3.2302
170 0 3.48019 0.139684
170 1 3.3878 -0.500352
170 2 3.39489 2.17607
170 3 3.39501 1.84625
170 4 3.39501 1.84625
170 5 3.39824 -1.8238
170 6 3.39824 -1.8238
170 7 3.39824 -1.80981
170 8 3.39824 -1.80981
170 9 3.39822 -1.80672
170 10 3.39822 -1.80672
170 11 3.39822 -1.80672
170 12 3.39822 -1.80672
170 13 3.59427 -1.77651
170 14 3.57766 -1.84177
171 0 1.75246 2.37967
171 1 2.89524 2.19583
171 2 2.94753 2.18637
171 3 2.93344 2.07733
171 4 2.97281 2.03388
171 5 2.99989 2.00454
171 6 3.00042 1.99859
171 7 3.00031 1.99993
171 8 3.00026 1.99999
171 9 3.00008 1.99982
171 10 3.00009 1.99984
171 11 3.00009 1.99984
171 12 3.00009 1.99984
171 13 3.00009 1.99984
171 14 3.00009 1.99984
172 0 -3.51855 -3.17608
172 1 -3.68876 -3.31238
172 2 -3.68876 -3.31238
172 3 -3.68876 -3.31238
172 4 -3.68876 -3.31238
172 5 -3.68876 -3.31238
172 6 -3.68876 -3.31238
172 7 -3.68876 -3.31238
172 8 -3.68876 -3.31238
172 9 -3.68876 -3.31238
172 10 -3.68876 -3.31238
172 11 -3.68876 -3.31238
172 12 -3.68876 -3.31238
172 13 -3.68876 -3.31238
172 14 -3.68876 -3.31238
173 0 -1.89853 2.89896
173 1 -2.6585 2.95532
173 2 -2.90976 3.03076
173 3 -2.8476 3.02062
173 4 -2.84193 3.01888
173 5 -2.84193 3.01888
173 6 -2.81536 3.01867
173 7 -2.80491 3.04546
173 8 -2.76949 3.12397
173 9 -2.78406 3.12403
173 10 -2.80561 3.13
173 11 -2.805 3.13089
173 12 -2.80482 3.13113
173 13 -2.80484 3.13115
173 14 -2.80506 3.13129
174 0 3.23576 0.774586
174 1 3.25324 2.25411
174 2 3.25324 2.25411
174 3 3.22911 1.72366
174 4 3.21876 1.90065
174 5 3.20255 1.78266
174 6 3.18976 1.95616
174 7 3.133 1.78841
174 8 3.12628 1.90327
174 9 3.00704 1.88931
174 10 3.02459 2.0115
174 11 3.00401 2.02912
174 12 2.9992 2.00798
174 13 2.99758 2.00366
174 14 2.99755 2.00274
175 0 1.07628 2.64758
175 1 2.848 2.40008
175 2 2.92857 2.39131
175 3 2.77767 2.31034
175 4 2.85131 2.28572
175 5 3.00404 2.19785
175 6 3.00404 2.19785
175 7 3.00169 2.0246
175 8 2.998 2.00875
175 9 2.9965 2.00406
175 10 2.99697 2.00287
175 11 3.00047 2.00036
175 12 3.00003 1.99974
175 13 3.0001 1.99979
175 14 3.0001 1.9998
176 0 2.48639 1.85748
176 1 2.89114 1.5678
176 2 2.89114 1.5678
176 3 2.88173 2.09219
176 4 2.88086 2.06896
176 5 2.88086 2.06896
176 6 2.88086 2.06896
176 7 2.88086 2.06896
176 8 2.99999 2.01155
176 9 2.99951 2.0038
176 10 2.99903 2.00094
176 11 2.9993 2.00033
176 12 3.00003 2.00012
176 13 2.99999 1.99996
176 14 3.00001 1.99997
177 0 3.14784 -1.12589
177 1 3.69329 -1.2265
177 2 3.55808 -1.32593
177 3 3.49299 -1.40567
177 4 3.49299 -1.40567
177 5 3.50589 -1.4387
177 6 3.66406 -1.86878
177 7 3.66036 -1.89695
177 8 3.66036 -1.89695
177 9 3.66036 -1.89695
177 10 3.65163 -1.92875
177 11 3.6535 -1.8843
177 12 3.61427 -1.87572
177 13 3.5853 -1.84804
177 14 3.58455 -1.84863
178 0 -2.26029 2.19076
178 1 -2.26193 3.09471
178 2 -2.4935 3.34863
178 3 -2.74233 3.30722
178 4 -2.78544 3.13149
178 5 -2.79953 3.12998
178 6 -2.80511 3.13043
178 7 -2.8051 3.13119
178 8 -2.80511 3.13131
178 9 -2.80512 3.13131
178 10 -2.80512 3.13131
178 11 -2.80512 3.13131
178 12 -2.80512 3.13131
178 13 -2.80512 3.13131
178 14 0 0
179 0 3.8827 0.383803
179 1 3.7455 -1.84096
179 2 3.7455 -1.84096
179 3 3.7455 -1.84096
179 4 3.73771 -1.91909
179 5 3.71532 -1.76645
179 6 3.61382 -1.6252
179 7 3.61207 -1.76891
179 8 3.60428 -1.84323
179 9 3.60139 -1.83247
179 10 3.5912 -1.86045
179 11 3.59155 -1.85063
179 12 3.58462 -1.849
179 13 3.58443 -1.84804
179 14 3.58444 -1.84814
180 0 3.59021 -2.50175
180 1 3.63521 -1.89127
180 2 3.59838 -1.82442
180 3 3.59838 -1.82442
180 4 3.59838 -1.82442
180 5 3.59838 -1.82442
180 6 3.59838 -1.82442
180 7 3.59838 -1.82442
180 8 3.59838 -1.82442
180 9 3.59838 -1.82442
180 10 3.59838 -1.82442
180 11 3.59838 -1.82442
180 12 3.59838 -1.82442
180 13 3.59838 -1.82442
180 14 3.59838 -1.82442
181 0 2.18246 1.97573
181 1 2.8996 1.8151
181 2 3.03085 1.95844
181 3 3.02552 1.95422
181 4 3.02343 1.95381
181 5 3.01197 1.95877
181 6 3.00652 1.96032
181 7 3.00652 1.96032
181 8 3.00652 1.96032
181 9 3.00652 1.96032
181 10 3.00652 1.96032
181 11 3.00652 1.96032
181 12 3.00652 1.96032
181 13 3.00652 1.96032
181 14 3.00652 1.96032
182 0 2.8758 2.40947
182 1 2.8758 2.40947
182 2 2.8758 2.40947
182 3 2.8949 2.14087
182 4 2.99654 2.02059
182 5 2.99918 2.00371
182 6 2.9996 2.00019
182 7 2.99984 1.9999
182 8 2.99996 2.00011
182 9 2.99995 2.00009
182 10 2.99995 2.00009
182 11 2.99995 2.00009
182 12 2.99995 2.00009
182 13 2.99995 2.00009
182 14 2.99995 2.00009
183 0 -2.69305 3.56188
183 1 -2.91317 3.4667
183 2 -2.70074 3.1591
183 3 -2.70074 3.1591
183 4 -2.70074 3.1591
183 5 -2.70074 3.1591
183 6 -2.70074 3.1591
183 7 -2.70074 3.1591
183 8 -2.70074 3.1591
183 9 -2.70074 3.1591
183 10 -2.70074 3.1591
183 11 -2.70074 3.1591
183 12 -2.71689 3.13004
183 13 -2.719 3.11977
183 14 -2.73986 3.12496
184 0 2.90299 2.76475
184 1 2.90563 2.06196
184 2 2.90563 2.06196
184 3 2.91751 2.08561
184 4 2.9299 2.08112
184 5 3.00233 2.04279
184 6 2.99896 2.04201
184 7 2.98716 2.0307
184 8 2.98414 2.02761
184 9 2.98414 2.02761
184 10 2.98414 2.02761
184 11 2.98414 2.02761
184 12 2.98414 2.02761
184 13 2.98414 2.02761
184 14 2.98414 2.02761
185 0 3.58466 -2.09539
185 1 3.5848 -1.80105
185 2 3.5848 -1.80105
185 3 3.58536 -1.85039
185 4 3.58492 -1.84763
185 5 3.5847 -1.8485
185 6 3.5847 -1.84823
185 7 3.58448 -1.84813
185 8 3.58443 -1.84812
185 9 3.58443 -1.84813
185 10 3.58443 -1.84813
185 11 3.58443 -1.84813
185 12 3.58443 -1.84813
185 13 3.58443 -1.84813
185 14 3.58443 -1.84813
186 0 -0.0197402 2.76622
186 1 -1.636 2.97855
186 2 -1.636 2.97855
186 3 -2.83693 3.05227
186 4 -2.83693 3.05227
186 5 -2.76515 3.08959
186 6 -2.77487 3.10014
186 7 -2.7998 3.12586
186 8 -2.8048 3.13106
186 9 -2.80513 3.13132
186 10 -2.80512 3.13131
186 11 -2.80512 3.13131
186 12 -2.80512 3.13131
186 13 -2.80512 3.13131
186 14 -2.80512 3.13131
187 0 -2.76736 3.11407
187 1 -2.81564 3.14257
187 2 -2.81564 3.14257
187 3 -2.80406 3.143
187 4 -2.80468 3.13134
187 5 -2.80507 3.13131
187 6 -2.80512 3.13131
187 7 -2.80512 3.13131
187 8 -2.80512 3.13131
187 9 -2.80512 3.13131
187 10 -2.80512 3.13131
187 11 -2.80512 3.13131
187 12 -2.80512 3.13131
187 13 -2.80512 3.13131
187 14 -2.80512 3.13131
188 0 3.7443 -1.92347
188 1 3.68828 -1.75144
188 2 3.6869 -1.88527
188 3 3.68678 -1.87245
188 4 3.68562 -1.89051
188 5 3.682 -1.84494
188 6 3.62677 -1.84201
188 7 3.58581 -1.8559
188 8 3.58551 -1.85099
188 9 3.58426 -1.84811
188 10 3.58434 -1.84796
188 11 3.58434 -1.84801
188 12 3.58446 -1.84814
188 13 3.58443 -1.84814
188 14 3.58443 -1.84813
189 0 1.97622 2.76608
189 1 3.01251 2.57245
189 2 2.89563 2.24121
189 3 2.89005 2.14986
189 4 2.95662 2.06495
189 5 3.00102 2.01158
189 6 3.00097 2.00275
189 7 3.00038 2.00255
189 8 2.99939 2.00049
189 9 2.99956 2.00048
189 10 2.99993 2.00038
189 11 2.99996 2.00028
189 12 3.00002 2.00001
189 13 3.00001 2
189 14 3 1.99999
190 0 -3.14391 -2.44563
190 1 -3.15929 -3.18264
190 2 -3.15929 -3.18264
190 3 -3.16204 -3.19814
190 4 -3.47741 -3.5328
190 5 -3.51595 -3.53923
190 6 -3.79581 -3.29631
190 7 -3.77616 -3.28777
190 8 -3.77905 -3.28548
190 9 -3.77934 -3.2834
190 10 -3.77938 -3.28322
190 11 -3.77931 -3.28316
190 12 -3.77932 -3.28318
190 13 -3.77932 -3.28318
190 14 -3.77932 -3.28318
191 0 -3.65081 -2.6183
191 1 -3.655 -3.16215
191 2 -3.65776 -3.27769
191 3 -3.65776 -3.27769
191 4 -3.66456 -3.29739
191 5 -3.73709 -3.26507
191 6 -3.77318 -3.27111
191 7 -3.77922 -3.28269
191 8 -3.77947 -3.28311
191 9 -3.77941 -3.28314
191 10 -3.77934 -3.28321
191 11 -3.77931 -3.28319
191 12 -3.77931 -3.28319
191 13 -3.77931 -3.28319
191 14 -3.77931 -3.28319
192 0 -3.02248 -0.224682
192 1 -3.0482 -3.29848
192 2 -3.0482 -3.29848
192 3 -3.0482 -3.29848
192 4 -3.0482 -3.29848
192 5 -3.0482 -3.29848
192 6 -3.60746 -3.7182
192 7 -3.55842 -3.61256
192 8 -3.68798 -3.36122
192 9 -3.83517 -3.31937
192 10 -3.78543 -3.30815
192 11 -3.77983 -3.28983
192 12 -3.77872 -3.28332
192 13 -3.77948 -3.28322
192 14 -3.77933 -3.28325
193 0 -4.31752 -3.00966
193 1 -4.29277 -3.61022
193 2 -4.27385 -3.4006
193 3 -4.12392 -3.11679
193 4 -3.89482 -3.4876
193 5 -3.76562 -3.31602
193 6 -3.75818 -3.30457
193 7 -3.75912 -3.29649
193 8 -3.77798 -3.29426
193 9 -3.78 -3.28317
193 10 -3.77916 -3.2831
193 11 -3.7793 -3.28314
193 12 -3.77931 -3.28318
193 13 -3.77931 -3.28319
193 14 -3.77931 -3.28319
194 0 -3.35127 -2.46188
194 1 -3.35127 -2.46188
194 2 -3.27615 -2.52391
194 3 -3.17826 -2.69568
194 4 -3.15216 -2.74978
194 5 -3.15216 -2.74978
194 6 -3.15216 -2.74978
194 7 -3.15216 -2.74978
194 8 -3.15216 -2.74978
194 9 -3.15216 -2.74978
194 10 -3.15216 -2.74978
194 11 -3.15216 -2.74978
194 12 -3.15216 -2.74978
194 13 -3.15216 -2.74978
194 14 -3.15216 -2.74978
195 0 -2.81208 1.66725
195 1 -2.81002 3.02091
195 2 -2.80793 3.16996
195 3 -2.8074 3.12908
195 4 -2.80609 3.13128
195 5 -2.80572 3.13158
195 6 -2.80555 3.13173
195 7 -2.80556 3.13172
195 8 -2.80559 3.13157
195 9 -2.80538 3.13137
195 10 -2.80514 3.13131
195 11 -2.80512 3.13131
195 12 -2.80512 3.13131
195 13 -2.80512 3.13131
195 14 -2.80512 3.13131
196 0 -2.90594 -0.511306
196 1 -3.13507 -0.517977
196 2 -3.18122 -0.522382
196 3 -3.27094 -0.556955
196 4 -3.54664 -0.814003
196 5 -4.1183 -1.62366
196 6 -2.97173 1.95845
196 7 -2.24615 3.30108
196 8 -2.21844 3.22827
196 9 -2.21844 3.22827
196 10 -2.90614 3.26201
196 11 -2.76976 3.17514
196 12 -2.8163 3.16108
196 13 -2.80845 3.14679
196 14 -2.80349 3.1334
197 0 -2.75604 1.68279
197 1 -2.75486 3.06262
197 2 -2.78102 3.10275
197 3 -2.80512 3.10444
197 4 -2.80505 3.12524
197 5 -2.80498 3.13139
197 6 -2.80512 3.13131
197 7 -2.80512 3.13131
197 8 -2.80512 3.13131
197 9 -2.80512 3.13131
197 10 -2.80512 3.13131
197 11 -2.80512 3.13131
197 12 -2.80512 3.13131
197 13 -2.80512 3.13131
197 14 -2.80512 3.13131
198 0 -2.34768 2.92926
198 1 -2.85476 3.33633
198 2 -2.85476 3.33633
198 3 -2.94179 3.2373
198 4 -2.8755 3.26252
198 5 -2.83267 3.20997
198 6 -2.80692 3.14867
198 7 -2.80254 3.13315
198 8 -2.8053 3.13152
198 9 -2.80528 3.13148
198 10 -2.80514 3.13135
198 11 -2.80513 3.13132
198 12 -2.80512 3.13131
198 13 -2.80512 3.13131
198 14 -2.80512 3.13131
199 0 3.72695 1.62335
199 1 3.3685 -1.408
199 2 3.3685 -1.408
199 3 3.36871 -1.71455
199 4 3.36871 -1.71455
199 5 3.36917 -1.80408
199 6 3.36966 -1.78165
199 7 3.37334 -1.83628
199 8 3.63215 -1.78961
199 9 3.57598 -1.8676
199 10 3.58715 -1.85994
199 11 3.58706 -1.8591
199 12 3.58338 -1.84838
199 13 3.58391 -1.84722
199 14 3.58393 -1.84787
200 0 -2.76905 3.42411
200 1 -2.85744 3.41482
200 2 -2.8189 3.19185
200 3 -2.80155 3.13943
200 4 -2.80273 3.13205
200 5 -2.8041 3.13119
200 6 -2.80469 3.13076
200 7 -2.80468 3.13083
200 8 -2.80487 3.13127
200 9 -2.80515 3.13131
200 10 -2.80512 3.13131
200 11 -2.80512 3.13131
200 12 -2.80512 3.13131
200 13 -2.80512 3.13131
200 14 -2.80512 3.13131
201 0 -3.95139 -3.05843
201 1 -3.77587 -2.98094
201 2 -3.77143 -3.24102
201 3 -3.76817 -3.27665
201 4 -3.77093 -3.28349
201 5 -3.77612 -3.2812
201 6 -3.77884 -3.28224
201 7 -3.77932 -3.28311
201 8 -3.77935 -3.28317
201 9 -3.77932 -3.28318
201 10 -3.77931 -3.28319
201 11 -3.77931 -3.28319
201 12 -3.77931 -3.28319
201 13 -3.77931 -3.28319
201 14 -3.77931 -3.28319
202 0 3.56573 -2.42332
202 1 3.60279 -2.42562
202 2 3.59643 -2.23526
202 3 3.59766 -1.95817
202 4 3.59245 -1.87371
202 5 3.58481 -1.85015
202 6 3.58417 -1.84834
202 7 3.58418 -1.84803
202 8 3.58418 -1.84803
202 9 3.58418 -1.84803
202 10 3.58418 -1.84803
202 11 3.58418 -1.84803
202 12 3.58418 -1.84803
202 13 3.58418 -1.84803
202 14 3.58418 -1.84803
203 0 -2.7265 3.61288
203 1 -2.92812 3.53394
203 2 -2.68032 3.18241
203 3 -2.68032 3.18241
203 4 -2.68032 3.18241
203 5 -2.68032 3.18241
203 6 -2.68032 3.18241
203 7 -2.68032 3.18241
203 8 -2.68032 3.18241
203 9 -2.68032 3.18241
203 10 -2.68032 3.18241
203 11 -2.68032 3.18241
203 12 -2.68032 3.18241
203 13 -2.68032 3.18241
203 14 -2.72067 3.16645
204 0 2.91798 2.45353
204 1 2.91798 2.45353
204 2 2.75938 2.3166
204 3 2.75938 2.3166
204 4 2.75938 2.3166
204 5 2.75938 2.3166
204 6 2.75938 2.3166
204 7 2.75938 2.3166
204 8 2.75938 2.3166
204 9 2.75938 2.3166
204 10 2.75938 2.3166
204 11 2.75938 2.3166
204 12 2.75938 2.3166
204 13 2.75938 2.3166
204 14 2.75938 2.3166
205 0 -3.12681 -2.22378
205 1 -3.13737 -3.06572
205 2 -3.13839 -3.09967
205 3 -3.14253 -3.14247
205 4 -3.20713 -3.317
205 5 -3.90637 -3.3662
205 6 -3.75118 -3.30868
205 7 -3.77749 -3.28788
205 8 -3.77931 -3.28274
205 9 -3.77917 -3.2831
205 10 -3.77929 -3.28325
205 11 -3.77928 -3.28322
205 12 -3.77928 -3.28322
205 13 -3.77931 -3.2832
205 14 -3.77931 -3.28319
206 0 4.47635 -0.376215
206 1 4.19333 -2.94177
206 2 4.18427 -2.23311
206 3 4.03686 -2.57027
206 4 3.90922 -1.72655
206 5 3.67376 -1.72411
206 6 3.5894 -1.80893
206 7 3.5764 -1.82188
206 8 3.57614 -1.82216
206 9 3.57614 -1.82216
206 10 3.57614 -1.82216
206 11 3.57614 -1.82216
206 12 3.57614 -1.82216
206 13 3.57614 -1.82216
206 14 3.57614 -1.82216
207 0 -2.26184 2.8639
207 1 -2.68628 2.91579
207 2 -2.81267 3.01734
207 3 -2.7642 3.06114
207 4 -2.74534 3.08014
207 5 -2.74335 3.08217
207 6 -2.74305 3.08265
207 7 -2.7428 3.09983
207 8 -2.79558 3.13171
207 9 -2.80478 3.13263
207 10 -2.80519 3.13143
207 11 -2.80519 3.13134
207 12 -2.80512 3.13131
207 13 -2.80512 3.13131
207 14 -2.80512 3.13131
208 0 3.09861 0.952519
208 1 3.10268 1.65977
208 2 3.10261 1.90608
208 3 3.10261 1.90608
208 4 3.10246 1.93187
208 5 3.10246 1.93187
208 6 3.10238 1.93788
208 7 3.10221 1.93072
208 8 3.10191 1.94105
208 9 3.10041 1.91937
208 10 3.09849 1.95472
208 11 3.08468 1.89753
208 12 3.07964 1.97979
208 13 3.01808 1.93364
208 14 3.028 1.95179
209 0 -2.16601 3.0286
209 1 -2.86484 3.04435
209 2 -2.8225 3.1658
209 3 -2.82188 3.13341
209 4 -2.80259 3.13135
209 5 -2.80508 3.13152
209 6 -2.80512 3.13133
209 7 -2.80512 3.13131
209 8 -2.80512 3.13131
209 9 -2.80512 3.13131
209 10 -2.80512 3.13131
209 11 -2.80512 3.13131
209 12 -2.80512 3.13131
209 13 -2.80512 3.13131
209 14 -2.80512 3.13131
210 0 1.34009 3.16065
210 1 2.91977 3.06853
210 2 3.03282 3.02198
210 3 3.51173 2.42616
210 4 3.42927 2.29319
210 5 3.21986 2.00205
210 6 3.1089 1.88413
210 7 3.08096 1.85519
210 8 3.08096 1.85519
210 9 3.08096 1.85519
210 10 3.08096 1.85519
210 11 3.08096 1.85519
210 12 3.08096 1.85519
210 13 3.08096 1.85519
210 14 3.08096 1.85519
211 0 2.76491 2.06995
211 1 3.02864 1.80691
211 2 3.02864 1.80691
211 3 3.04023 1.97573
211 4 3.0386 1.98891
211 5 3.01761 1.95951
211 6 3.02176 1.9643
211 7 3.02176 1.9643
211 8 3.02176 1.9643
211 9 3.02176 1.9643
211 10 3.02176 1.9643
211 11 3.02176 1.9643
211 12 3.02176 1.9643
211 13 3.02176 1.9643
211 14 3.02176 1.9643
212 0 2.54186 -0.775152
212 1 3.49648 -0.561377
212 2 3.43522 -0.765101
212 3 3.23969 2.28801
212 4 3.23738 1.89743
212 5 3.23738 1.89743
212 6 3.23762 1.83481
212 7 3.23765 1.84003
212 8 3.23765 1.84003
212 9 3.23765 1.84003
212 10 3.23765 1.84003
212 11 3.23765 1.84003
212 12 3.23765 1.84003
212 13 3.23765 1.84003
212 14 3.23765 1.84003
213 0 2.22481 -0.135185
213 1 3.74724 0.283393
213 2 3.48259 0.0678429
213 3 3.40146 -0.00606608
213 4 3.3878 -0.0203217
213 5 3.3878 -0.0203217
213 6 3.3878 -0.0203217
213 7 3.3878 -0.0203217
213 8 3.3878 -0.0203217
213 9 3.3878 -0.0203217
213 10 3.3878 -0.0203217
213 11 3.3878 -0.0203217
213 12 3.3878 -0.0203217
213 13 3.3878 -0.0203217
213 14 3.3878 -0.0203217
214 0 -3.20819 -1.85598
214 1 -3.72828 -2.12202
214 2 -4.06004 -2.92455
214 3 -4.0238 -3.387
214 4 -3.7765 -3.36996
214 5 -3.78169 -3.27291
214 6 -3.77554 -3.2809
214 7 -3.77859 -3.28379
214 8 -3.77881 -3.28399
214 9 -3.77885 -3.28399
214 10 -3.77922 -3.28345
214 11 -3.77935 -3.28324
214 12 -3.77932 -3.2832
214 13 -3.77931 -3.28319
214 14 -3.77931 -3.28319
215 0 1.83128 3.64411
215 1 2.98369 2.98875
215 2 2.69504 2.9705
215 3 2.95475 2.91253
215 4 2.65801 2.02265
215 5 2.87846 2.09183
215 6 2.96531 2.11732
215 7 2.96424 2.08511
215 8 2.97211 2.02115
215 9 2.99842 1.99782
215 10 2.99985 2.00081
215 11 2.99968 2.00062
215 12 2.99967 2.00062
215 13 2.99968 2.00061
215 14 2.99998 2.00015
216 0 -4.18365 -2.83843
216 1 -4.16966 -3.51801
216 2 -4.1545 -3.3808
216 3 -3.92162 -3.05966
216 4 -3.92164 -3.16069
216 5 -3.78471 -3.21489
216 6 -3.7708 -3.30415
216 7 -3.7858 -3.29086
216 8 -3.78248 -3.28189
216 9 -3.78139 -3.28326
216 10 -3.77956 -3.2829
216 11 -3.77931 -3.28324
216 12 -3.77932 -3.28319
216 13 -3.77931 -3.28318
216 14 -3.77931 -3.28319
217 0 -2.69655 1.04314
217 1 -2.68012 2.90811
217 2 -2.66374 3.09704
217 3 -2.66118 3.11515
217 4 -2.66118 3.11515
217 5 -2.66118 3.11515
217 6 -2.66118 3.11515
217 7 -2.66118 3.11515
217 8 -2.66118 3.11515
217 9 -2.66118 3.11515
217 10 -2.66118 3.11515
217 11 -2.66118 3.11515
217 12 -2.66118 3.11515
217 13 -2.66118 3.11515
217 14 -2.66118 3.11515
218 0 3.60866 -0.674216
218 1 3.57102 -1.9355
218 2 3.57102 -1.9355
218 3 3.58212 -1.86421
218 4 3.58212 -1.86421
218 5 3.58212 -1.86421
218 6 3.58212 -1.86421
218 7 3.58212 -1.86421
218 8 3.58212 -1.86421
218 9 3.58212 -1.86421
218 10 3.58212 -1.86421
218 11 3.58212 -1.86421
218 12 3.58212 -1.86421
218 13 3.58212 -1.86421
218 14 3.58212 -1.86421
219 0 3.27648 -1.51917
219 1 3.31303 -1.85811
219 2 3.55064 -2.05284
219 3 3.62261 -1.97266
219 4 3.62261 -1.97266
219 5 3.62261 -1.97266
219 6 3.62261 -1.97266
219 7 3.62261 -1.97266
219 8 3.62261 -1.97266
219 9 3.62261 -1.97266
219 10 3.62261 -1.97266
219 11 3.62261 -1.97266
219 12 3.62261 -1.97266
219 13 3.62261 -1.97266
219 14 3.62261 -1.97266
220 0 -3.19207 0.314058
220 1 -3.15706 3.46862
220 2 -3.15706 3.46862
220 3 -3.02535 3.10944
220 4 -2.82112 3.03403
220 5 -2.80747 3.08963
220 6 -2.79432 3.13115
220 7 -2.80026 3.13022
220 8 -2.805 3.13032
220 9 -2.80512 3.13123
220 10 -2.80513 3.13131
220 11 -2.80512 3.13131
220 12 -2.80512 3.13131
220 13 -2.80512 3.13131
220 14 0 0
221 0 -4.21189 -2.36259
221 1 -4.14943 -3.28251
221 2 -4.14943 -3.28251
221 3 -4.00469 -3.11166
221 4 -3.87812 -3.21896
221 5 -3.7988 -3.29185
221 6 -3.78241 -3.29057
221 7 -3.77961 -3.28546
221 8 -3.77853 -3.28361
221 9 -3.77879 -3.28345
221 10 -3.77917 -3.2831
221 11 -3.7793 -3.28318
221 12 -3.77931 -3.28319
221 13 -3.77931 -3.28319
221 14 -3.77931 -3.28319
222 0 3.43685 -0.0295355
222 1 3.41074 -1.7603
222 2 3.41075 -1.82092
222 3 3.41075 -1.82092
222 4 3.41099 -1.80171
222 5 3.41284 -1.84383
222 6 3.47677 -1.7252
222 7 3.53266 -1.85781
222 8 3.57012 -1.87877
222 9 3.58216 -1.8517
222 10 3.58429 -1.85071
222 11 3.58476 -1.84991
222 12 3.58507 -1.84951
222 13 3.58507 -1.84951
222 14 3.58507 -1.84951
223 0 -2.08948 3.87409
223 1 -2.08948 3.87409
223 2 -2.85479 3.90121
223 3 -2.85479 3.90121
223 4 -2.63008 3.23561
223 5 -2.63008 3.23561
223 6 -2.80291 3.20151
223 7 -2.80483 3.15526
223 8 -2.80658 3.13214
223 9 -2.80535 3.13136
223 10 -2.80514 3.13129
223 11 -2.80511 3.1313
223 12 -2.80511 3.13131
223 13 -2.80511 3.13131
223 14 -2.80512 3.13131
224 0 2.5766 2.20801
224 1 2.5766 2.20801
224 2 2.5766 2.20801
224 3 2.5766 2.20801
224 4 3.00296 2.31303
224 5 2.93423 2.13798
224 6 2.92308 2.09184
224 7 2.93927 2.05579
224 8 3.01062 2.01104
224 9 2.99987 1.99703
224 10 3.00097 1.9979
224 11 3.00103 1.99802
224 12 3.00119 1.99853
224 13 3.00097 1.99902
224 14 2.99978 1.99983
225 0 -1.27025 -2.15296
225 1 -3.16887 -2.27682
225 2 -3.16887 -2.27682
225 3 -3.16887 -2.27682
225 4 -3.10401 -2.3478
225 5 -3.10401 -2.3478
225 6 -3.31767 -2.34678
225 7 -3.7167 -2.55356
225 8 -3.87325 -2.88284
225 9 -4.01811 -3.33962
225 10 -3.8217 -3.33155
225 11 -3.78405 -3.2868
225 12 -3.78 -3.28279
225 13 -3.77975 -3.28254
225 14 -3.77975 -3.28254
226 0 3.0161 2.28675
226 1 3.03779 1.89264
226 2 3.0427 1.95513
226 3 3.0427 1.95513
226 4 3.02203 1.94217
226 5 3.02634 1.9647
226 6 3.0182 1.99468
226 7 3.00498 1.99733
226 8 3.00035 1.99829
226 9 3.00026 1.99951
226 10 3.00013 2.00012
226 11 3.00003 1.99999
226 12 3.00002 1.99998
226 13 3.00001 1.99997
226 14 3.00001 1.99997
227 0 -0.966482 3.45494
227 1 -2.37817 3.8811
227 2 -2.84652 3.89084
227 3 -2.84652 3.89084
227 4 -2.84652 3.89084
227 5 -2.84652 3.89084
227 6 -2.84652 3.89084
227 7 -2.84652 3.89084
227 8 -2.84652 3.89084
227 9 -2.84652 3.89084
227 10 -2.84652 3.89084
227 11 -2.84652 3.89084
227 12 -2.84652 3.89084
227 13 -2.84652 3.89084
227 14 -2.84652 3.89084
228 0 -2.95407 3.22765
228 1 -2.95266 3.1585
228 2 -2.83867 3.18968
228 3 -2.81703 3.14709
228 4 -2.8026 3.13404
228 5 -2.80539 3.13176
228 6 -2.80549 3.13165
228 7 -2.80552 3.1316
228 8 -2.80552 3.13156
228 9 -2.80517 3.13131
228 10 -2.80512 3.13131
228 11 -2.80512 3.13131
228 12 -2.80512 3.13131
228 13 -2.80512 3.13131
228 14 -2.80512 3.13131
229 0 2.72618 2.76551
229 1 2.63872 2.43288
229 2 2.61284 2.37607
229 3 2.61284 2.37607
229 4 2.677 2.20205
229 5 2.677 2.20205
229 6 2.85595 2.31901
229 7 2.83946 2.27478
229 8 2.82663 2.17662
229 9 2.89946 2.08366
229 10 3.0076 2.01675
229 11 2.9996 2.00064
229 12 2.9996 2.00054
229 13 2.99974 2.0002
229 14 3.00003 2.00009
230 0 -2.75884 -2.6613
230 1 -3.97059 -2.9056
230 2 -4.04531 -3.03979
230 3 -3.93943 -3.16038
230 4 -3.7839 -3.28494
230 5 -3.77955 -3.28296
230 6 -3.77933 -3.28312
230 7 -3.77931 -3.2832
230 8 -3.77931 -3.28319
230 9 -3.77931 -3.28318
230 10 -3.77931 -3.28319
230 11 -3.77931 -3.28319
230 12 -3.77931 -3.28319
230 13 -3.77931 -3.28319
230 14 -3.77931 -3.28319
231 0 3.22318 1.4688
231 1 3.24308 1.81447
231 2 3.23908 1.89173
231 3 3.21119 1.74527
231 4 3.19583 1.95751
231 5 3.09409 1.78004
231 6 3.11241 1.81669
231 7 3.11379 1.82186
231 8 3.09967 1.91229
231 9 2.96315 2.0239
231 10 2.99836 1.99973
231 11 2.99917 2.00114
231 12 2.99921 2.00082
231 13 2.99989 2.00035
231 14 3.00001 1.9999
232 0 3.61762 -1.78603
232 1 3.58206 -1.79389
232 2 3.58733 -1.82882
232 3 3.58915 -1.85189
232 4 3.58915 -1.85189
232 5 3.58915 -1.85189
232 6 3.58915 -1.85189
232 7 3.58915 -1.85189
232 8 3.58915 -1.85189
232 9 3.58915 -1.85189
232 10 3.58915 -1.85189
232 11 3.58915 -1.85189
232 12 3.58915 -1.85189
232 13 3.58915 -1.85189
232 14 3.58915 -1.85189
233 0 -3.54967 -1.22085
233 1 -3.57749 -3.74709
233 2 -3.57749 -3.74709
233 3 -3.57749 -3.74709
233 4 -3.57749 -3.74709
233 5 -3.57749 -3.74709
233 6 -3.57749 -3.74709
233 7 -3.89688 -3.57522
233 8 -3.94184 -3.541
233 9 -3.97302 -3.50725
233 10 -3.97998 -3.49854
233 11 -3.98358 -3.49373
233 12 -3.98405 -3.49309
233 13 -3.98504 -3.4917
233 14 -3.98506 -3.49168
234 0 -3.9428 -3.4246
234 1 -3.86345 -3.45852
234 2 -3.86345 -3.45852
234 3 -3.86345 -3.45852
234 4 -3.86345 -3.45852
234 5 -3.86345 -3.45852
234 6 -3.86345 -3.45852
234 7 -3.86345 -3.45852
234 8 -3.86345 -3.45852
234 9 -3.86345 -3.45852
234 10 -3.86345 -3.45852
234 11 -3.86345 -3.45852
234 12 -3.86345 -3.45852
234 13 -3.86345 -3.45852
234 14 -3.86345 -3.45852
235 0 3.50094 -2.53047
235 1 3.56166 -1.82682
235 2 3.57461 -1.8562
235 3 3.57486 -1.85698
235 4 3.57487 -1.85703
235 5 3.57511 -1.85773
235 6 3.57511 -1.85773
235 7 3.57511 -1.85773
235 8 3.57511 -1.85773
235 9 3.57511 -1.85773
235 10 3.57511 -1.85773
235 11 3.57511 -1.85773
235 12 3.57511 -1.85773
235 13 3.57511 -1.85773
235 14 3.57511 -1.85773
236 0 -3.38284 -0.922615
236 1 -3.39995 -3.04845
236 2 -3.40163 -3.14948
236 3 -3.40345 -3.18525
236 4 -3.41072 -3.22574
236 5 -3.61812 -3.40594
236 6 -3.64543 -3.43609
236 7 -3.64133 -3.42578
236 8 -3.73376 -3.30368
236 9 -3.7888 -3.29266
236 10 -3.78032 -3.28662
236 11 -3.77874 -3.28447
236 12 -3.77842 -3.28393
236 13 -3.7786 -3.28359
236 14 -3.7796 -3.2835
237 0 -4.16376 -3.43999
237 1 -3.99677 -3.62453
237 2 -3.99677 -3.62453
237 3 -3.99677 -3.62453
237 4 -3.99677 -3.62453
237 5 -3.99677 -3.62453
237 6 -3.99677 -3.62453
237 7 -3.99677 -3.62453
237 8 -3.99677 -3.62453
237 9 -3.99677 -3.62453
237 10 -3.99677 -3.62453
237 11 -3.99677 -3.62453
237 12 -3.99677 -3.62453
237 13 -3.99677 -3.62453
237 14 -3.99677 -3.62453
238 0 -3.28074 -2.64634
238 1 -3.30175 -3.30649
238 2 -3.30175 -3.30649
238 3 -3.31649 -3.34289
238 4 -3.856 -3.2674
238 5 -3.77779 -3.31447
238 6 -3.77676 -3.27963
238 7 -3.77903 -3.28312
238 8 -3.7792 -3.28325
238 9 -3.77928 -3.28328
238 10 -3.7793 -3.28324
238 11 -3.77932 -3.2832
238 12 -3.77931 -3.28319
238 13 -3.77931 -3.28319
238 14 -3.77931 -3.28319
239 0 -1.85844 2.52058
239 1 -2.66207 2.57975
239 2 -2.91676 2.73957
239 3 -2.84396 2.73474
239 4 -2.80509 2.75604
239 5 -2.67049 2.90793
239 6 -2.5936 2.99102
239 7 -2.60229 2.98579
239 8 -2.68464 2.96254
239 9 -2.8005 3.03541
239 10 -2.79242 3.10976
239 11 -2.80168 3.13127
239 12 -2.8062 3.13121
239 13 -2.80512 3.13134
239 14 -2.80512 3.13131
240 0 1.93467 -2.27649
240 1 3.85303 -2.10422
240 2 3.60015 -2.10798
240 3 3.59643 -2.02747
240 4 3.58876 -1.87695
240 5 3.58547 -1.8516
240 6 3.58445 -1.84862
240 7 3.58433 -1.84801
240 8 3.58433 -1.84801
240 9 3.58433 -1.84801
240 10 3.58433 -1.84801
240 11 3.58433 -1.84801
240 12 3.58433 -1.84801
240 13 3.58433 -1.84801
240 14 3.58433 -1.84801
241 0 -3.86439 -2.85247
241 1 -3.86439 -2.85247
241 2 -3.73612 -3.39634
241 3 -3.77514 -3.29014
241 4 -3.77814 -3.28495
241 5 -3.77927 -3.28334
241 6 -3.77935 -3.28321
241 7 -3.77933 -3.28322
241 8 -3.77933 -3.28322
241 9 -3.77933 -3.28322
241 10 -3.77933 -3.28322
241 11 -3.77933 -3.28322
241 12 -3.77933 -3.28322
241 13 -3.77933 -3.28322
241 14 -3.77933 -3.28322
242 0 3.5637 -0.688219
242 1 3.54003 -1.89255
242 2 3.54003 -1.89255
242 3 3.55479 -1.80738
242 4 3.56442 -1.86899
242 5 3.58987 -1.87935
242 6 3.58328 -1.83912
242 7 3.58501 -1.84725
242 8 3.585 -1.84834
242 9 3.585 -1.84834
242 10 3.585 -1.84834
242 11 3.585 -1.84834
242 12 3.585 -1.84834
242 13 3.585 -1.84834
242 14 3.585 -1.84834
243 0 3.67259 -2.32992
243 1 3.62035 -2.33629
243 2 3.56871 -2.06217
243 3 3.56101 -1.90047
243 4 3.567 -1.85695
243 5 3.57179 -1.86231
243 6 3.5816 -1.84251
243 7 3.58161 -1.8442
243 8 3.58502 -1.84781
243 9 3.58451 -1.84874
243 10 3.58457 -1.84871
243 11 3.58454 -1.84868
243 12 3.58439 -1.84847
243 13 3.58435 -1.84831
243 14 3.58433 -1.84821
244 0 3.76795 -1.53467
244 1 3.61814 -1.45307
244 2 3.61814 -1.45307
244 3 3.61606 -1.83061
244 4 3.61606 -1.83061
244 5 3.61092 -1.84966
244 6 3.60804 -1.83715
244 7 3.58614 -1.85081
244 8 3.58519 -1.85085
244 9 3.58456 -1.84981
244 10 3.5842 -1.84841
244 11 3.5842 -1.8481
244 12 3.5842 -1.8481
244 13 3.5842 -1.8481
244 14 3.5842 -1.8481
245 0 2.74328 1.31506
245 1 3.19453 1.26835
245 2 3.23141 1.28963
245 3 3.15138 1.51081
245 4 2.96172 2.13164
245 5 2.99828 2.03322
245 6 3.0036 2.02841
245 7 3.00673 2.00403
245 8 3.00673 2.00403
245 9 3.00673 2.00403
245 10 3.00673 2.00403
245 11 3.00673 2.00403
245 12 3.00673 2.00403
245 13 3.00673 2.00403
245 14 3.00673 2.00403
246 0 3.54647 -1.14008
246 1 3.54165 -1.96256
246 2 3.54165 -1.96256
246 3 3.56333 -1.85553
246 4 3.57093 -1.87125
246 5 3.58368 -1.85345
246 6 3.5856 -1.85207
246 7 3.58539 -1.85197
246 8 3.58435 -1.85115
246 9 3.58434 -1.85114
246 10 3.58434 -1.85114
246 11 3.58434 -1.85114
246 12 3.58434 -1.85114
246 13 3.58434 -1.85114
246 14 3.58434 -1.85114
247 0 3.45031 -1.6673
247 1 3.60769 -1.7379
247 2 3.60769 -1.7379
247 3 3.60112 -1.7414
247 4 3.56767 -1.80372
247 5 3.56506 -1.81031
247 6 3.56697 -1.82148
247 7 3.58333 -1.83109
247 8 3.58448 -1.84333
247 9 3.58473 -1.84835
247 10 3.58465 -1.84807
247 11 3.58463 -1.84829
247 12 3.58463 -1.84829
247 13 3.58463 -1.84829
247 14 3.58463 -1.84829
248 0 2.63403 2.09626
248 1 3.05299 1.86603
248 2 3.05299 1.86603
248 3 3.06522 1.89901
248 4 3.06522 1.96787
248 5 3.0051 1.97095
248 6 3.00416 1.99974
248 7 3.00123 2.00337
248 8 3.00029 1.99946
248 9 3.0003 1.99977
248 10 3.00018 1.99988
248 11 3 1.99999
248 12 3 2
248 13 3 2
248 14 3 2
249 0 -2.04063 3.0026
249 1 -2.72551 3.05938
249 2 -2.84347 3.09355
249 3 -2.82059 3.09002
249 4 -2.82031 3.08993
249 5 -2.82031 3.08993
249 6 -2.81712 3.08912
249 7 -2.81712 3.08912
249 8 -2.81712 3.08912
249 9 -2.80819 3.11183
249 10 -2.79852 3.12987
249 11 -2.80088 3.12951
249 12 -2.8051 3.13019
249 13 -2.80507 3.13102
249 14 -2.8051 3.13131
250 0 2.9436 2.42984
250 1 2.9436 2.42984
250 2 2.77567 2.32952
250 3 2.77454 2.29517
250 4 2.85317 2.10386
250 5 3.00053 2.01551
250 6 2.99989 2.00114
250 7 2.99975 2.00033
250 8 2.99979 2.00015
250 9 2.99998 1.99998
250 10 3 2.00002
250 11 2.99999 2.00001
250 12 2.99999 2.00001
250 13 3 2
250 14 3 2
251 0 3.10718 -1.14056
251 1 3.46712 -1.96297
251 2 3.46936 -1.83841
251 3 3.46936 -1.83841
251 4 3.49001 -1.72814
251 5 3.50567 -1.86632
251 6 3.57442 -1.87847
251 7 3.58517 -1.83887
251 8 3.58248 -1.8425
251 9 3.58248 -1.8425
251 10 3.58248 -1.8425
251 11 3.58248 -1.8425
251 12 3.58248 -1.8425
251 13 3.58248 -1.8425
251 14 3.58248 -1.8425
252 0 -3.12656 0.459174
252 1 -3.11319 2.82843
252 2 -3.11319 2.82843
252 3 -3.11319 2.82843
252 4 -3.1378 3.04443
252 5 -3.1378 3.04443
252 6 -3.1378 3.04443
252 7 -3.1378 3.04443
252 8 -3.1378 3.04443
252 9 -3.1378 3.04443
252 10 -3.14205 3.06667
252 11 -3.14205 3.06667
252 12 -2.96557 3.11881
252 13 -2.83702 3.17816
252 14 -2.82622 3.1577
253 0 3.75674 -1.95145
253 1 3.74346 -1.81276
253 2 3.73609 -1.91811
253 3 3.73256 -1.86314
253 4 3.63122 -1.84749
253 5 3.58699 -1.85231
253 6 3.58483 -1.84923
253 7 3.58434 -1.84785
253 8 3.58445 -1.84797
253 9 3.58446 -1.84813
253 10 3.58446 -1.84813
253 11 3.58446 -1.84813
253 12 3.58446 -1.84813
253 13 3.58446 -1.84813
253 14 3.58446 -1.84813
254 0 0.122929 -2.01628
254 1 3.14317 -1.5236
254 2 3.14317 -1.5236
254 3 3.62518 -1.41693
254 4 3.58021 -1.40202
254 5 3.58021 -1.40202
254 6 3.55181 -1.83359
254 7 3.55519 -1.86055
254 8 3.59486 -1.86628
254 9 3.58465 -1.84685
254 10 3.58466 -1.84825
254 11 3.58465 -1.84814
254 12 3.58463 -1.84812
254 13 3.58447 -1.84824
254 14 3.58446 -1.84822
255 0 3.58621 -1.709
255 1 3.58422 -1.89213
255 2 3.58422 -1.89213
255 3 3.58422 -1.89213
255 4 3.5859 -1.85184
255 5 3.58391 -1.84839
255 6 3.58421 -1.84782
255 7 3.58425 -1.84798
255 8 3.58438 -1.8481
255 9 3.58443 -1.84813
255 10 3.58443 -1.84813
255 11 3.58443 -1.84813
255 12 3.58443 -1.84813
255 13 3.58443 -1.84813
255 14 3.58443 -1.84813
